# Detector n: 1D Projection
 -2.5000000000E-01 -2.4885000002E-01  4.74708E-07  2.88488E+00
 -2.4885000002E-01 -2.4770000005E-01  4.90398E-07  2.88809E+00
 -2.4770000005E-01 -2.4655000007E-01  4.77555E-07  2.91460E+00
 -2.4655000007E-01 -2.4540000010E-01  4.83391E-07  2.94403E+00
 -2.4540000010E-01 -2.4425000012E-01  5.14371E-07  2.84904E+00
 -2.4425000012E-01 -2.4310000014E-01  5.07927E-07  2.86234E+00
 -2.4310000014E-01 -2.4195000017E-01  4.87450E-07  2.89616E+00
 -2.4195000017E-01 -2.4080000019E-01  4.99320E-07  2.85358E+00
 -2.4080000019E-01 -2.3965000021E-01  5.05994E-07  2.89624E+00
 -2.3965000021E-01 -2.3850000024E-01  5.00323E-07  2.85243E+00
 -2.3850000024E-01 -2.3735000026E-01  5.10118E-07  2.89135E+00
 -2.3735000026E-01 -2.3620000029E-01  5.16932E-07  2.81708E+00
 -2.3620000029E-01 -2.3505000031E-01  5.13315E-07  2.86923E+00
 -2.3505000031E-01 -2.3390000033E-01  5.04408E-07  2.92905E+00
 -2.3390000033E-01 -2.3275000036E-01  5.29155E-07  2.85533E+00
 -2.3275000036E-01 -2.3160000038E-01  5.23279E-07  2.81523E+00
 -2.3160000038E-01 -2.3045000041E-01  5.03805E-07  2.86736E+00
 -2.3045000041E-01 -2.2930000043E-01  5.28418E-07  2.80180E+00
 -2.2930000043E-01 -2.2815000045E-01  5.43815E-07  2.79023E+00
 -2.2815000045E-01 -2.2700000048E-01  5.48277E-07  2.77416E+00
 -2.2700000048E-01 -2.2585000050E-01  5.50391E-07  2.84558E+00
 -2.2585000050E-01 -2.2470000052E-01  5.51269E-07  2.75707E+00
 -2.2470000052E-01 -2.2355000055E-01  5.72841E-07  2.74618E+00
 -2.2355000055E-01 -2.2240000057E-01  5.52490E-07  2.85939E+00
 -2.2240000057E-01 -2.2125000060E-01  5.56624E-07  2.83672E+00
 -2.2125000060E-01 -2.2010000062E-01  5.51803E-07  2.79282E+00
 -2.2010000062E-01 -2.1895000064E-01  5.47005E-07  2.81358E+00
 -2.1895000064E-01 -2.1780000067E-01  5.58744E-07  2.83437E+00
 -2.1780000067E-01 -2.1665000069E-01  5.84206E-07  2.82322E+00
 -2.1665000069E-01 -2.1550000072E-01  5.73810E-07  2.73920E+00
 -2.1550000072E-01 -2.1435000074E-01  5.78666E-07  2.76308E+00
 -2.1435000074E-01 -2.1320000076E-01  5.76355E-07  2.72277E+00
 -2.1320000076E-01 -2.1205000079E-01  5.96177E-07  2.74547E+00
 -2.1205000079E-01 -2.1090000081E-01  6.11855E-07  2.67742E+00
 -2.1090000081E-01 -2.0975000083E-01  6.07224E-07  2.71581E+00
 -2.0975000083E-01 -2.0860000086E-01  5.98375E-07  2.77638E+00
 -2.0860000086E-01 -2.0745000088E-01  6.30343E-07  2.72007E+00
 -2.0745000088E-01 -2.0630000091E-01  6.26120E-07  2.65380E+00
 -2.0630000091E-01 -2.0515000093E-01  6.27746E-07  2.75202E+00
 -2.0515000093E-01 -2.0400000095E-01  6.43777E-07  2.69890E+00
 -2.0400000095E-01 -2.0285000098E-01  6.50618E-07  2.74601E+00
 -2.0285000098E-01 -2.0170000100E-01  6.33994E-07  2.72233E+00
 -2.0170000100E-01 -2.0055000103E-01  6.17245E-07  2.75255E+00
 -2.0055000103E-01 -1.9940000105E-01  6.46073E-07  2.76107E+00
 -1.9940000105E-01 -1.9825000107E-01  6.50143E-07  2.72332E+00
 -1.9825000107E-01 -1.9710000110E-01  6.39778E-07  2.70514E+00
 -1.9710000110E-01 -1.9595000112E-01  6.65695E-07  2.69794E+00
 -1.9595000112E-01 -1.9480000114E-01  6.49143E-07  2.69620E+00
 -1.9480000114E-01 -1.9365000117E-01  6.89415E-07  2.68935E+00
 -1.9365000117E-01 -1.9250000119E-01  7.01724E-07  2.67370E+00
 -1.9250000119E-01 -1.9135000122E-01  6.62870E-07  2.76443E+00
 -1.9135000122E-01 -1.9020000124E-01  6.85834E-07  2.68631E+00
 -1.9020000124E-01 -1.8905000126E-01  6.81205E-07  2.67367E+00
 -1.8905000126E-01 -1.8790000129E-01  6.92113E-07  2.71538E+00
 -1.8790000129E-01 -1.8675000131E-01  7.11991E-07  2.72359E+00
 -1.8675000131E-01 -1.8560000134E-01  6.96641E-07  2.71304E+00
 -1.8560000134E-01 -1.8445000136E-01  7.05651E-07  2.66250E+00
 -1.8445000136E-01 -1.8330000138E-01  7.24681E-07  2.66965E+00
 -1.8330000138E-01 -1.8215000141E-01  7.03806E-07  2.71110E+00
 -1.8215000141E-01 -1.8100000143E-01  7.39249E-07  2.68178E+00
 -1.8100000143E-01 -1.7985000145E-01  7.14965E-07  2.69135E+00
 -1.7985000145E-01 -1.7870000148E-01  7.23294E-07  2.64991E+00
 -1.7870000148E-01 -1.7755000150E-01  7.04294E-07  2.68302E+00
 -1.7755000150E-01 -1.7640000153E-01  7.50125E-07  2.65991E+00
 -1.7640000153E-01 -1.7525000155E-01  7.31297E-07  2.67394E+00
 -1.7525000155E-01 -1.7410000157E-01  7.61397E-07  2.69924E+00
 -1.7410000157E-01 -1.7295000160E-01  7.55151E-07  2.77194E+00
 -1.7295000160E-01 -1.7180000162E-01  7.71246E-07  2.66526E+00
 -1.7180000162E-01 -1.7065000165E-01  7.93956E-07  2.70641E+00
 -1.7065000165E-01 -1.6950000167E-01  7.86390E-07  2.72137E+00
 -1.6950000167E-01 -1.6835000169E-01  7.89405E-07  2.69185E+00
 -1.6835000169E-01 -1.6720000172E-01  7.97520E-07  2.67045E+00
 -1.6720000172E-01 -1.6605000174E-01  8.08707E-07  2.65234E+00
 -1.6605000174E-01 -1.6490000176E-01  8.47712E-07  2.65357E+00
 -1.6490000176E-01 -1.6375000179E-01  8.50654E-07  2.68040E+00
 -1.6375000179E-01 -1.6260000181E-01  8.42164E-07  2.73262E+00
 -1.6260000181E-01 -1.6145000184E-01  8.44237E-07  2.67882E+00
 -1.6145000184E-01 -1.6030000186E-01  8.81025E-07  2.75758E+00
 -1.6030000186E-01 -1.5915000188E-01  8.87733E-07  2.70964E+00
 -1.5915000188E-01 -1.5800000191E-01  8.77448E-07  2.72406E+00
 -1.5800000191E-01 -1.5685000193E-01  9.09853E-07  2.69875E+00
 -1.5685000193E-01 -1.5570000196E-01  9.32472E-07  2.67250E+00
 -1.5570000196E-01 -1.5455000198E-01  9.33851E-07  2.71521E+00
 -1.5455000198E-01 -1.5340000200E-01  9.81969E-07  2.78653E+00
 -1.5340000200E-01 -1.5225000203E-01  9.93416E-07  2.79850E+00
 -1.5225000203E-01 -1.5110000205E-01  1.02238E-06  2.77664E+00
 -1.5110000205E-01 -1.4995000207E-01  1.05704E-06  2.74630E+00
 -1.4995000207E-01 -1.4880000210E-01  1.09628E-06  2.75670E+00
 -1.4880000210E-01 -1.4765000212E-01  1.11104E-06  2.85747E+00
 -1.4765000212E-01 -1.4650000215E-01  1.12996E-06  2.86159E+00
 -1.4650000215E-01 -1.4535000217E-01  1.19365E-06  2.91278E+00
 -1.4535000217E-01 -1.4420000219E-01  1.19497E-06  2.89102E+00
 -1.4420000219E-01 -1.4305000222E-01  1.29817E-06  2.87750E+00
 -1.4305000222E-01 -1.4190000224E-01  1.29815E-06  2.97433E+00
 -1.4190000224E-01 -1.4075000226E-01  1.37942E-06  2.94570E+00
 -1.4075000226E-01 -1.3960000229E-01  1.45583E-06  3.04667E+00
 -1.3960000229E-01 -1.3845000231E-01  1.46367E-06  3.09781E+00
 -1.3845000231E-01 -1.3730000234E-01  1.56130E-06  3.16246E+00
 -1.3730000234E-01 -1.3615000236E-01  1.63859E-06  3.19354E+00
 -1.3615000236E-01 -1.3500000238E-01  1.75881E-06  3.25652E+00
 -1.3500000238E-01 -1.3385000241E-01  1.88936E-06  3.28547E+00
 -1.3385000241E-01 -1.3270000243E-01  1.98175E-06  3.34388E+00
 -1.3270000243E-01 -1.3155000246E-01  2.14439E-06  3.35253E+00
 -1.3155000246E-01 -1.3040000248E-01  2.30118E-06  3.42300E+00
 -1.3040000248E-01 -1.2925000250E-01  2.42726E-06  3.50420E+00
 -1.2925000250E-01 -1.2810000253E-01  2.65003E-06  3.53283E+00
 -1.2810000253E-01 -1.2695000255E-01  2.82393E-06  3.59206E+00
 -1.2695000255E-01 -1.2580000257E-01  3.04005E-06  3.64710E+00
 -1.2580000257E-01 -1.2465000260E-01  3.23186E-06  3.69822E+00
 -1.2465000260E-01 -1.2350000262E-01  3.52689E-06  3.76014E+00
 -1.2350000262E-01 -1.2235000265E-01  3.88085E-06  3.80077E+00
 -1.2235000265E-01 -1.2120000267E-01  4.17152E-06  3.82873E+00
 -1.2120000267E-01 -1.2005000269E-01  4.48282E-06  3.88178E+00
 -1.2005000269E-01 -1.1890000272E-01  4.86414E-06  3.92899E+00
 -1.1890000272E-01 -1.1775000274E-01  5.28262E-06  3.97394E+00
 -1.1775000274E-01 -1.1660000277E-01  5.69508E-06  3.97467E+00
 -1.1660000277E-01 -1.1545000279E-01  6.28045E-06  4.00784E+00
 -1.1545000279E-01 -1.1430000281E-01  6.80495E-06  4.03723E+00
 -1.1430000281E-01 -1.1315000284E-01  7.37777E-06  4.07419E+00
 -1.1315000284E-01 -1.1200000286E-01  8.05117E-06  4.08014E+00
 -1.1200000286E-01 -1.1085000288E-01  8.79474E-06  4.09618E+00
 -1.1085000288E-01 -1.0970000291E-01  9.58273E-06  4.10921E+00
 -1.0970000291E-01 -1.0855000293E-01  1.04633E-05  4.12651E+00
 -1.0855000293E-01 -1.0740000296E-01  1.13824E-05  4.11566E+00
 -1.0740000296E-01 -1.0625000298E-01  1.24455E-05  4.13453E+00
 -1.0625000298E-01 -1.0510000300E-01  1.34602E-05  4.14074E+00
 -1.0510000300E-01 -1.0395000303E-01  1.46493E-05  4.14055E+00
 -1.0395000303E-01 -1.0280000305E-01  1.60012E-05  4.15055E+00
 -1.0280000305E-01 -1.0165000308E-01  1.75456E-05  4.14451E+00
 -1.0165000308E-01 -1.0050000310E-01  1.90044E-05  4.13960E+00
 -1.0050000310E-01 -9.9350003123E-02  2.09406E-05  4.11943E+00
 -9.9350003123E-02 -9.8200003147E-02  2.25731E-05  4.15420E+00
 -9.8200003147E-02 -9.7050003171E-02  2.43295E-05  4.19299E+00
 -9.7050003171E-02 -9.5900003195E-02  2.64119E-05  4.21776E+00
 -9.5900003195E-02 -9.4750003219E-02  2.84892E-05  4.22597E+00
 -9.4750003219E-02 -9.3600003242E-02  3.09226E-05  4.24850E+00
 -9.3600003242E-02 -9.2450003266E-02  3.32660E-05  4.27649E+00
 -9.2450003266E-02 -9.1300003290E-02  3.60602E-05  4.29044E+00
 -9.1300003290E-02 -9.0150003314E-02  3.92274E-05  4.29851E+00
 -9.0150003314E-02 -8.9000003338E-02  4.21168E-05  4.30895E+00
 -8.9000003338E-02 -8.7850003362E-02  4.52336E-05  4.33314E+00
 -8.7850003362E-02 -8.6700003386E-02  4.87094E-05  4.34673E+00
 -8.6700003386E-02 -8.5550003409E-02  5.25941E-05  4.35698E+00
 -8.5550003409E-02 -8.4400003433E-02  5.69249E-05  4.37032E+00
 -8.4400003433E-02 -8.3250003457E-02  6.15061E-05  4.38583E+00
 -8.3250003457E-02 -8.2100003481E-02  6.61334E-05  4.39363E+00
 -8.2100003481E-02 -8.0950003505E-02  7.12394E-05  4.40741E+00
 -8.0950003505E-02 -7.9800003529E-02  7.69456E-05  4.41019E+00
 -7.9800003529E-02 -7.8650003552E-02  8.24551E-05  4.42233E+00
 -7.8650003552E-02 -7.7500003576E-02  8.86276E-05  4.43807E+00
 -7.7500003576E-02 -7.6350003600E-02  9.56040E-05  4.44324E+00
 -7.6350003600E-02 -7.5200003624E-02  1.02906E-04  4.45534E+00
 -7.5200003624E-02 -7.4050003648E-02  1.10565E-04  4.46022E+00
 -7.4050003648E-02 -7.2900003672E-02  1.18776E-04  4.46916E+00
 -7.2900003672E-02 -7.1750003695E-02  1.27640E-04  4.47348E+00
 -7.1750003695E-02 -7.0600003719E-02  1.37104E-04  4.48572E+00
 -7.0600003719E-02 -6.9450003743E-02  1.47093E-04  4.49627E+00
 -6.9450003743E-02 -6.8300003767E-02  1.57786E-04  4.50261E+00
 -6.8300003767E-02 -6.7150003791E-02  1.69742E-04  4.50914E+00
 -6.7150003791E-02 -6.6000003815E-02  1.82004E-04  4.51662E+00
 -6.6000003815E-02 -6.4850003839E-02  1.94976E-04  4.52550E+00
 -6.4850003839E-02 -6.3700003862E-02  2.08880E-04  4.53238E+00
 -6.3700003862E-02 -6.2550003886E-02  2.23974E-04  4.53730E+00
 -6.2550003886E-02 -6.1400003910E-02  2.40361E-04  4.54820E+00
 -6.1400003910E-02 -6.0250003934E-02  2.57597E-04  4.55754E+00
 -6.0250003934E-02 -5.9100003958E-02  2.76734E-04  4.56335E+00
 -5.9100003958E-02 -5.7950003982E-02  2.96605E-04  4.57423E+00
 -5.7950003982E-02 -5.6800004005E-02  3.18655E-04  4.58325E+00
 -5.6800004005E-02 -5.5650004029E-02  3.42277E-04  4.59029E+00
 -5.5650004029E-02 -5.4500004053E-02  3.68301E-04  4.59760E+00
 -5.4500004053E-02 -5.3350004077E-02  3.96089E-04  4.61086E+00
 -5.3350004077E-02 -5.2200004101E-02  4.27332E-04  4.62179E+00
 -5.2200004101E-02 -5.1050004125E-02  4.63840E-04  4.63361E+00
 -5.1050004125E-02 -4.9900004148E-02  5.05671E-04  4.65028E+00
 -4.9900004148E-02 -4.8750004172E-02  5.55264E-04  4.66434E+00
 -4.8750004172E-02 -4.7600004196E-02  6.17462E-04  4.68469E+00
 -4.7600004196E-02 -4.6450004220E-02  7.01638E-04  4.70713E+00
 -4.6450004220E-02 -4.5300004244E-02  8.51897E-04  4.74541E+00
 -4.5300004244E-02 -4.4150004268E-02  9.83425E-04  4.76775E+00
 -4.4150004268E-02 -4.3000004292E-02  1.05962E-03  4.77734E+00
 -4.3000004292E-02 -4.1850004315E-02  1.11592E-03  4.78273E+00
 -4.1850004315E-02 -4.0700004339E-02  1.15949E-03  4.78573E+00
 -4.0700004339E-02 -3.9550004363E-02  1.19489E-03  4.78666E+00
 -3.9550004363E-02 -3.8400004387E-02  1.22350E-03  4.78798E+00
 -3.8400004387E-02 -3.7250004411E-02  1.24607E-03  4.78975E+00
 -3.7250004411E-02 -3.6100004435E-02  1.26404E-03  4.79027E+00
 -3.6100004435E-02 -3.4950004458E-02  1.27957E-03  4.79035E+00
 -3.4950004458E-02 -3.3800004482E-02  1.29032E-03  4.79172E+00
 -3.3800004482E-02 -3.2650004506E-02  1.29792E-03  4.79160E+00
 -3.2650004506E-02 -3.1500004530E-02  1.30627E-03  4.79355E+00
 -3.1500004530E-02 -3.0350004554E-02  1.27549E-03  4.78892E+00
 -3.0350004554E-02 -2.9200004578E-02  1.18184E-03  4.77098E+00
 -2.9200004578E-02 -2.8050004601E-02  1.16779E-03  4.77017E+00
 -2.8050004601E-02 -2.6900004625E-02  1.15609E-03  4.76977E+00
 -2.6900004625E-02 -2.5750004649E-02  1.14307E-03  4.77031E+00
 -2.5750004649E-02 -2.4600004673E-02  1.12850E-03  4.77188E+00
 -2.4600004673E-02 -2.3450004697E-02  1.10908E-03  4.77326E+00
 -2.3450004697E-02 -2.2300004721E-02  1.08580E-03  4.77287E+00
 -2.2300004721E-02 -2.1150004745E-02  1.05834E-03  4.77217E+00
 -2.1150004745E-02 -2.0000004768E-02  1.02401E-03  4.76957E+00
 -2.0000004768E-02 -1.8850004792E-02  9.80096E-04  4.76655E+00
 -1.8850004792E-02 -1.7700004816E-02  9.24799E-04  4.76170E+00
 -1.7700004816E-02 -1.6550004840E-02  8.47917E-04  4.74982E+00
 -1.6550004840E-02 -1.5400004864E-02  7.09612E-04  4.71606E+00
 -1.5400004864E-02 -1.4250004888E-02  5.73653E-04  4.66781E+00
 -1.4250004888E-02 -1.3100004911E-02  4.95903E-04  4.63586E+00
 -1.3100004911E-02 -1.1950004935E-02  4.37864E-04  4.60578E+00
 -1.1950004935E-02 -1.0800004959E-02  3.90918E-04  4.57901E+00
 -1.0800004959E-02 -9.6500049829E-03  3.50463E-04  4.55478E+00
 -9.6500049829E-03 -8.5000050068E-03  3.14921E-04  4.53059E+00
 -8.5000050068E-03 -7.3500050306E-03  2.83123E-04  4.49928E+00
 -7.3500050306E-03 -6.2000050545E-03  2.53375E-04  4.46609E+00
 -6.2000050545E-03 -5.0500050783E-03  2.25997E-04  4.42746E+00
 -5.0500050783E-03 -3.9000051022E-03  2.00101E-04  4.37536E+00
 -3.9000051022E-03 -2.7500051260E-03  1.75273E-04  4.30881E+00
 -2.7500051260E-03 -1.6000051498E-03  1.51284E-04  4.22222E+00
 -1.6000051498E-03 -4.5000517368E-04  1.31623E-04  4.10705E+00
 -4.5000517368E-04  6.9999480247E-04  1.49497E-04  3.95310E+00
  6.9999480247E-04  1.8499947786E-03  1.62754E-04  3.93861E+00
  1.8499947786E-03  2.9999947548E-03  1.59500E-04  3.91443E+00
  2.9999947548E-03  4.1499947309E-03  1.56860E-04  3.90184E+00
  4.1499947309E-03  5.2999947071E-03  1.55495E-04  3.88650E+00
  5.2999947071E-03  6.4499946833E-03  1.54418E-04  3.85995E+00
  6.4499946833E-03  7.5999946594E-03  1.53428E-04  3.84447E+00
  7.5999946594E-03  8.7499946356E-03  1.53284E-04  3.82221E+00
  8.7499946356E-03  9.8999946117E-03  1.52490E-04  3.80426E+00
  9.8999946117E-03  1.1049994588E-02  1.51266E-04  3.78638E+00
  1.1049994588E-02  1.2199994564E-02  1.49834E-04  3.77260E+00
  1.2199994564E-02  1.3349994540E-02  1.48389E-04  3.75280E+00
  1.3349994540E-02  1.4499994516E-02  1.47437E-04  3.74217E+00
  1.4499994516E-02  1.5649994493E-02  1.46726E-04  3.72185E+00
  1.5649994493E-02  1.6799994469E-02  1.46090E-04  3.71077E+00
  1.6799994469E-02  1.7949994445E-02  1.44995E-04  3.69002E+00
  1.7949994445E-02  1.9099994421E-02  1.44088E-04  3.67526E+00
  1.9099994421E-02  2.0249994397E-02  1.43204E-04  3.65379E+00
  2.0249994397E-02  2.1399994373E-02  1.42288E-04  3.64397E+00
  2.1399994373E-02  2.2549994349E-02  1.41564E-04  3.61707E+00
  2.2549994349E-02  2.3699994326E-02  1.40519E-04  3.60022E+00
  2.3699994326E-02  2.4849994302E-02  1.39370E-04  3.58701E+00
  2.4849994302E-02  2.5999994278E-02  1.38599E-04  3.56820E+00
  2.5999994278E-02  2.7149994254E-02  1.38046E-04  3.55162E+00
  2.7149994254E-02  2.8299994230E-02  1.36881E-04  3.53972E+00
  2.8299994230E-02  2.9449994206E-02  1.36470E-04  3.51723E+00
  2.9449994206E-02  3.0599994183E-02  1.35551E-04  3.50859E+00
  3.0599994183E-02  3.1749994159E-02  1.34140E-04  3.49621E+00
  3.1749994159E-02  3.2899994135E-02  1.33415E-04  3.48394E+00
  3.2899994135E-02  3.4049994111E-02  1.32836E-04  3.46366E+00
  3.4049994111E-02  3.5199994087E-02  1.31473E-04  3.44993E+00
  3.5199994087E-02  3.6349994063E-02  1.30608E-04  3.44432E+00
  3.6349994063E-02  3.7499994040E-02  1.29683E-04  3.42635E+00
  3.7499994040E-02  3.8649994016E-02  1.28970E-04  3.41344E+00
  3.8649994016E-02  3.9799993992E-02  1.28036E-04  3.39700E+00
  3.9799993992E-02  4.0949993968E-02  1.27489E-04  3.37614E+00
  4.0949993968E-02  4.2099993944E-02  1.26962E-04  3.36880E+00
  4.2099993944E-02  4.3249993920E-02  1.25945E-04  3.34722E+00
  4.3249993920E-02  4.4399993896E-02  1.25074E-04  3.33247E+00
  4.4399993896E-02  4.5549993873E-02  1.24254E-04  3.32401E+00
  4.5549993873E-02  4.6699993849E-02  1.23505E-04  3.31139E+00
  4.6699993849E-02  4.7849993825E-02  1.22321E-04  3.29491E+00
  4.7849993825E-02  4.8999993801E-02  1.21515E-04  3.28408E+00
  4.8999993801E-02  5.0149993777E-02  1.21014E-04  3.26984E+00
  5.0149993777E-02  5.1299993753E-02  1.20395E-04  3.25195E+00
  5.1299993753E-02  5.2449993730E-02  1.19361E-04  3.25022E+00
  5.2449993730E-02  5.3599993706E-02  1.18410E-04  3.23568E+00
  5.3599993706E-02  5.4749993682E-02  1.17935E-04  3.22363E+00
  5.4749993682E-02  5.5899993658E-02  1.17178E-04  3.20923E+00
  5.5899993658E-02  5.7049993634E-02  1.16058E-04  3.19190E+00
  5.7049993634E-02  5.8199993610E-02  1.15791E-04  3.17655E+00
  5.8199993610E-02  5.9349993587E-02  1.14973E-04  3.16457E+00
  5.9349993587E-02  6.0499993563E-02  1.14040E-04  3.15774E+00
  6.0499993563E-02  6.1649993539E-02  1.13022E-04  3.14868E+00
  6.1649993539E-02  6.2799993515E-02  1.12131E-04  3.13290E+00
  6.2799993515E-02  6.3949993491E-02  1.12074E-04  3.12002E+00
  6.3949993491E-02  6.5099993467E-02  1.10841E-04  3.11602E+00
  6.5099993467E-02  6.6249993443E-02  1.09791E-04  3.10714E+00
  6.6249993443E-02  6.7399993420E-02  1.09391E-04  3.09219E+00
  6.7399993420E-02  6.8549993396E-02  1.08861E-04  3.08105E+00
  6.8549993396E-02  6.9699993372E-02  1.07714E-04  3.07941E+00
  6.9699993372E-02  7.0849993348E-02  1.07073E-04  3.06478E+00
  7.0849993348E-02  7.1999993324E-02  1.06765E-04  3.05295E+00
  7.1999993324E-02  7.3149993300E-02  1.06262E-04  3.04052E+00
  7.3149993300E-02  7.4299993277E-02  1.05262E-04  3.03562E+00
  7.4299993277E-02  7.5449993253E-02  1.04529E-04  3.01969E+00
  7.5449993253E-02  7.6599993229E-02  1.03886E-04  3.00643E+00
  7.6599993229E-02  7.7749993205E-02  1.03040E-04  3.00466E+00
  7.7749993205E-02  7.8899993181E-02  1.02364E-04  2.99065E+00
  7.8899993181E-02  8.0049993157E-02  1.01935E-04  2.98316E+00
  8.0049993157E-02  8.1199993134E-02  1.01228E-04  2.98064E+00
  8.1199993134E-02  8.2349993110E-02  1.00696E-04  2.95998E+00
  8.2349993110E-02  8.3499993086E-02  9.96014E-05  2.95276E+00
  8.3499993086E-02  8.4649993062E-02  9.95270E-05  2.94211E+00
  8.4649993062E-02  8.5799993038E-02  9.86650E-05  2.94047E+00
  8.5799993038E-02  8.6949993014E-02  9.78527E-05  2.92210E+00
  8.6949993014E-02  8.8099992990E-02  9.67010E-05  2.92916E+00
  8.8099992990E-02  8.9249992967E-02  9.62194E-05  2.90747E+00
  8.9249992967E-02  9.0399992943E-02  9.58053E-05  2.90488E+00
  9.0399992943E-02  9.1549992919E-02  9.50897E-05  2.89758E+00
  9.1549992919E-02  9.2699992895E-02  9.45070E-05  2.89113E+00
  9.2699992895E-02  9.3849992871E-02  9.41269E-05  2.88105E+00
  9.3849992871E-02  9.4999992847E-02  9.32179E-05  2.86508E+00
  9.4999992847E-02  9.6149992824E-02  9.25422E-05  2.86369E+00
  9.6149992824E-02  9.7299992800E-02  9.20259E-05  2.85689E+00
  9.7299992800E-02  9.8449992776E-02  9.13230E-05  2.84122E+00
  9.8449992776E-02  9.9599992752E-02  9.10296E-05  2.82844E+00
  9.9599992752E-02  1.0074999273E-01  9.00857E-05  2.82865E+00
  1.0074999273E-01  1.0189999270E-01  8.94524E-05  2.81418E+00
  1.0189999270E-01  1.0304999268E-01  8.90455E-05  2.80755E+00
  1.0304999268E-01  1.0419999266E-01  8.83475E-05  2.78650E+00
  1.0419999266E-01  1.0534999263E-01  8.79026E-05  2.78088E+00
  1.0534999263E-01  1.0649999261E-01  8.72453E-05  2.77621E+00
  1.0649999261E-01  1.0764999259E-01  8.68965E-05  2.76856E+00
  1.0764999259E-01  1.0879999256E-01  8.60027E-05  2.76116E+00
  1.0879999256E-01  1.0994999254E-01  8.56866E-05  2.75861E+00
  1.0994999254E-01  1.1109999251E-01  8.50858E-05  2.74210E+00
  1.1109999251E-01  1.1224999249E-01  8.41665E-05  2.74162E+00
  1.1224999249E-01  1.1339999247E-01  8.36236E-05  2.72106E+00
  1.1339999247E-01  1.1454999244E-01  8.24375E-05  2.71968E+00
  1.1454999244E-01  1.1569999242E-01  8.21093E-05  2.72027E+00
  1.1569999242E-01  1.1684999239E-01  8.18424E-05  2.71134E+00
  1.1684999239E-01  1.1799999237E-01  8.10954E-05  2.70051E+00
  1.1799999237E-01  1.1914999235E-01  8.05643E-05  2.69529E+00
  1.1914999235E-01  1.2029999232E-01  8.03352E-05  2.68933E+00
  1.2029999232E-01  1.2144999230E-01  7.93820E-05  2.68119E+00
  1.2144999230E-01  1.2259999228E-01  7.90177E-05  2.67548E+00
  1.2259999228E-01  1.2374999225E-01  7.81947E-05  2.66644E+00
  1.2374999225E-01  1.2489999223E-01  7.74122E-05  2.65716E+00
  1.2489999223E-01  1.2604999220E-01  7.69613E-05  2.65109E+00
  1.2604999220E-01  1.2719999218E-01  7.61584E-05  2.64586E+00
  1.2719999218E-01  1.2834999216E-01  7.58322E-05  2.63542E+00
  1.2834999216E-01  1.2949999213E-01  7.54694E-05  2.62918E+00
  1.2949999213E-01  1.3064999211E-01  7.49615E-05  2.62761E+00
  1.3064999211E-01  1.3179999208E-01  7.45166E-05  2.61805E+00
  1.3179999208E-01  1.3294999206E-01  7.39383E-05  2.61673E+00
  1.3294999206E-01  1.3409999204E-01  7.32331E-05  2.60157E+00
  1.3409999204E-01  1.3524999201E-01  7.29649E-05  2.60846E+00
  1.3524999201E-01  1.3639999199E-01  7.21960E-05  2.59688E+00
  1.3639999199E-01  1.3754999197E-01  7.16611E-05  2.58826E+00
  1.3754999197E-01  1.3869999194E-01  7.12984E-05  2.58429E+00
  1.3869999194E-01  1.3984999192E-01  7.09036E-05  2.57214E+00
  1.3984999192E-01  1.4099999189E-01  7.03267E-05  2.57263E+00
  1.4099999189E-01  1.4214999187E-01  7.00909E-05  2.55818E+00
  1.4214999187E-01  1.4329999185E-01  6.93928E-05  2.55860E+00
  1.4329999185E-01  1.4444999182E-01  6.86048E-05  2.55259E+00
  1.4444999182E-01  1.4559999180E-01  6.83921E-05  2.54479E+00
  1.4559999180E-01  1.4674999177E-01  6.77722E-05  2.54062E+00
  1.4674999177E-01  1.4789999175E-01  6.73527E-05  2.53289E+00
  1.4789999175E-01  1.4904999173E-01  6.68929E-05  2.52579E+00
  1.4904999173E-01  1.5019999170E-01  6.61999E-05  2.52410E+00
  1.5019999170E-01  1.5134999168E-01  6.58617E-05  2.51813E+00
  1.5134999168E-01  1.5249999166E-01  6.55264E-05  2.51103E+00
  1.5249999166E-01  1.5364999163E-01  6.48345E-05  2.50687E+00
  1.5364999163E-01  1.5479999161E-01  6.44032E-05  2.50391E+00
  1.5479999161E-01  1.5594999158E-01  6.40393E-05  2.49888E+00
  1.5594999158E-01  1.5709999156E-01  6.35114E-05  2.48845E+00
  1.5709999156E-01  1.5824999154E-01  6.29192E-05  2.49953E+00
  1.5824999154E-01  1.5939999151E-01  6.28073E-05  2.49180E+00
  1.5939999151E-01  1.6054999149E-01  6.20656E-05  2.47850E+00
  1.6054999149E-01  1.6169999146E-01  6.16482E-05  2.47679E+00
  1.6169999146E-01  1.6284999144E-01  6.11196E-05  2.47124E+00
  1.6284999144E-01  1.6399999142E-01  6.07211E-05  2.46577E+00
  1.6399999142E-01  1.6514999139E-01  6.01368E-05  2.46196E+00
  1.6514999139E-01  1.6629999137E-01  5.96463E-05  2.45191E+00
  1.6629999137E-01  1.6744999135E-01  5.91680E-05  2.45073E+00
  1.6744999135E-01  1.6859999132E-01  5.87012E-05  2.44167E+00
  1.6859999132E-01  1.6974999130E-01  5.84109E-05  2.43956E+00
  1.6974999130E-01  1.7089999127E-01  5.82617E-05  2.43377E+00
  1.7089999127E-01  1.7204999125E-01  5.76762E-05  2.43051E+00
  1.7204999125E-01  1.7319999123E-01  5.73327E-05  2.42797E+00
  1.7319999123E-01  1.7434999120E-01  5.66350E-05  2.42619E+00
  1.7434999120E-01  1.7549999118E-01  5.63405E-05  2.41137E+00
  1.7549999118E-01  1.7664999115E-01  5.58094E-05  2.41911E+00
  1.7664999115E-01  1.7779999113E-01  5.52482E-05  2.40262E+00
  1.7779999113E-01  1.7894999111E-01  5.46869E-05  2.40131E+00
  1.7894999111E-01  1.8009999108E-01  5.44681E-05  2.39187E+00
  1.8009999108E-01  1.8124999106E-01  5.36733E-05  2.38254E+00
  1.8124999106E-01  1.8239999104E-01  5.35785E-05  2.37692E+00
  1.8239999104E-01  1.8354999101E-01  5.25445E-05  2.37700E+00
  1.8354999101E-01  1.8469999099E-01  5.23427E-05  2.37334E+00
  1.8469999099E-01  1.8584999096E-01  5.21301E-05  2.36884E+00
  1.8584999096E-01  1.8699999094E-01  5.15413E-05  2.36970E+00
  1.8699999094E-01  1.8814999092E-01  5.14708E-05  2.37109E+00
  1.8814999092E-01  1.8929999089E-01  5.09924E-05  2.35650E+00
  1.8929999089E-01  1.9044999087E-01  5.03482E-05  2.35755E+00
  1.9044999087E-01  1.9159999084E-01  5.03315E-05  2.34835E+00
  1.9159999084E-01  1.9274999082E-01  4.96774E-05  2.34722E+00
  1.9274999082E-01  1.9389999080E-01  4.94438E-05  2.33622E+00
  1.9389999080E-01  1.9504999077E-01  4.89021E-05  2.34253E+00
  1.9504999077E-01  1.9619999075E-01  4.85258E-05  2.32608E+00
  1.9619999075E-01  1.9734999073E-01  4.84482E-05  2.32940E+00
  1.9734999073E-01  1.9849999070E-01  4.81522E-05  2.32721E+00
  1.9849999070E-01  1.9964999068E-01  4.72647E-05  2.32282E+00
  1.9964999068E-01  2.0079999065E-01  4.73573E-05  2.32680E+00
  2.0079999065E-01  2.0194999063E-01  4.68299E-05  2.31738E+00
  2.0194999063E-01  2.0309999061E-01  4.65883E-05  2.31368E+00
  2.0309999061E-01  2.0424999058E-01  4.63159E-05  2.31589E+00
  2.0424999058E-01  2.0539999056E-01  4.56121E-05  2.29815E+00
  2.0539999056E-01  2.0654999053E-01  4.51814E-05  2.30077E+00
  2.0654999053E-01  2.0769999051E-01  4.50651E-05  2.29281E+00
  2.0769999051E-01  2.0884999049E-01  4.45608E-05  2.28885E+00
  2.0884999049E-01  2.0999999046E-01  4.41008E-05  2.29103E+00
  2.0999999046E-01  2.1114999044E-01  4.40720E-05  2.28943E+00
  2.1114999044E-01  2.1229999042E-01  4.37518E-05  2.27822E+00
  2.1229999042E-01  2.1344999039E-01  4.32385E-05  2.27336E+00
  2.1344999039E-01  2.1459999037E-01  4.29825E-05  2.27317E+00
  2.1459999037E-01  2.1574999034E-01  4.25179E-05  2.27987E+00
  2.1574999034E-01  2.1689999032E-01  4.22507E-05  2.28022E+00
  2.1689999032E-01  2.1804999030E-01  4.17129E-05  2.26964E+00
  2.1804999030E-01  2.1919999027E-01  4.12939E-05  2.26864E+00
  2.1919999027E-01  2.2034999025E-01  4.11610E-05  2.27125E+00
  2.2034999025E-01  2.2149999022E-01  4.09282E-05  2.25948E+00
  2.2149999022E-01  2.2264999020E-01  4.05054E-05  2.25012E+00
  2.2264999020E-01  2.2379999018E-01  4.01913E-05  2.25922E+00
  2.2379999018E-01  2.2494999015E-01  3.96186E-05  2.23969E+00
  2.2494999015E-01  2.2609999013E-01  3.95190E-05  2.25339E+00
  2.2609999013E-01  2.2724999011E-01  3.92166E-05  2.24309E+00
  2.2724999011E-01  2.2839999008E-01  3.91095E-05  2.24157E+00
  2.2839999008E-01  2.2954999006E-01  3.84909E-05  2.23874E+00
  2.2954999006E-01  2.3069999003E-01  3.83015E-05  2.23437E+00
  2.3069999003E-01  2.3184999001E-01  3.78049E-05  2.23517E+00
  2.3184999001E-01  2.3299998999E-01  3.77061E-05  2.23316E+00
  2.3299998999E-01  2.3414998996E-01  3.71274E-05  2.23931E+00
  2.3414998996E-01  2.3529998994E-01  3.68931E-05  2.23207E+00
  2.3529998994E-01  2.3644998991E-01  3.64503E-05  2.23291E+00
  2.3644998991E-01  2.3759998989E-01  3.62000E-05  2.23020E+00
  2.3759998989E-01  2.3874998987E-01  3.59393E-05  2.21892E+00
  2.3874998987E-01  2.3989998984E-01  3.55229E-05  2.22544E+00
  2.3989998984E-01  2.4104998982E-01  3.53028E-05  2.21585E+00
  2.4104998982E-01  2.4219998980E-01  3.50677E-05  2.22388E+00
  2.4219998980E-01  2.4334998977E-01  3.48910E-05  2.21453E+00
  2.4334998977E-01  2.4449998975E-01  3.43408E-05  2.21259E+00
  2.4449998975E-01  2.4564998972E-01  3.40395E-05  2.20092E+00
  2.4564998972E-01  2.4679998970E-01  3.38451E-05  2.19847E+00
  2.4679998970E-01  2.4794998968E-01  3.36813E-05  2.19798E+00
  2.4794998968E-01  2.4909998965E-01  3.31513E-05  2.19884E+00
  2.4909998965E-01  2.5024998963E-01  3.29022E-05  2.20434E+00
  2.5024998963E-01  2.5139998960E-01  3.25590E-05  2.19384E+00
  2.5139998960E-01  2.5254998958E-01  3.22917E-05  2.18907E+00
  2.5254998958E-01  2.5369998956E-01  3.19066E-05  2.18669E+00
  2.5369998956E-01  2.5484998953E-01  3.19732E-05  2.17603E+00
  2.5484998953E-01  2.5599998951E-01  3.15568E-05  2.17501E+00
  2.5599998951E-01  2.5714998949E-01  3.13884E-05  2.17683E+00
  2.5714998949E-01  2.5829998946E-01  3.11540E-05  2.17467E+00
  2.5829998946E-01  2.5944998944E-01  3.07778E-05  2.18561E+00
  2.5944998944E-01  2.6059998941E-01  3.06135E-05  2.17321E+00
  2.6059998941E-01  2.6174998939E-01  3.03633E-05  2.16537E+00
  2.6174998939E-01  2.6289998937E-01  3.00957E-05  2.17061E+00
  2.6289998937E-01  2.6404998934E-01  2.99436E-05  2.17034E+00
  2.6404998934E-01  2.6519998932E-01  2.94228E-05  2.16299E+00
  2.6519998932E-01  2.6634998930E-01  2.94391E-05  2.16426E+00
  2.6634998930E-01  2.6749998927E-01  2.90411E-05  2.15467E+00
  2.6749998927E-01  2.6864998925E-01  2.88716E-05  2.15370E+00
  2.6864998925E-01  2.6979998922E-01  2.84858E-05  2.14821E+00
  2.6979998922E-01  2.7094998920E-01  2.82475E-05  2.15380E+00
  2.7094998920E-01  2.7209998918E-01  2.79082E-05  2.14842E+00
  2.7209998918E-01  2.7324998915E-01  2.80683E-05  2.13597E+00
  2.7324998915E-01  2.7439998913E-01  2.75232E-05  2.14319E+00
  2.7439998913E-01  2.7554998910E-01  2.73322E-05  2.14135E+00
  2.7554998910E-01  2.7669998908E-01  2.67725E-05  2.15377E+00
  2.7669998908E-01  2.7784998906E-01  2.69251E-05  2.14516E+00
  2.7784998906E-01  2.7899998903E-01  2.64011E-05  2.14108E+00
  2.7899998903E-01  2.8014998901E-01  2.62968E-05  2.13918E+00
  2.8014998901E-01  2.8129998899E-01  2.60497E-05  2.13788E+00
  2.8129998899E-01  2.8244998896E-01  2.57781E-05  2.13874E+00
  2.8244998896E-01  2.8359998894E-01  2.54562E-05  2.12970E+00
  2.8359998894E-01  2.8474998891E-01  2.54519E-05  2.13028E+00
  2.8474998891E-01  2.8589998889E-01  2.50588E-05  2.12647E+00
  2.8589998889E-01  2.8704998887E-01  2.46807E-05  2.12300E+00
  2.8704998887E-01  2.8819998884E-01  2.46229E-05  2.12148E+00
  2.8819998884E-01  2.8934998882E-01  2.43325E-05  2.12093E+00
  2.8934998882E-01  2.9049998879E-01  2.39896E-05  2.12013E+00
  2.9049998879E-01  2.9164998877E-01  2.38623E-05  2.11982E+00
  2.9164998877E-01  2.9279998875E-01  2.34388E-05  2.12183E+00
  2.9279998875E-01  2.9394998872E-01  2.34583E-05  2.11800E+00
  2.9394998872E-01  2.9509998870E-01  2.32314E-05  2.12338E+00
  2.9509998870E-01  2.9624998868E-01  2.28889E-05  2.11516E+00
  2.9624998868E-01  2.9739998865E-01  2.29259E-05  2.11820E+00
  2.9739998865E-01  2.9854998863E-01  2.27396E-05  2.10441E+00
  2.9854998863E-01  2.9969998860E-01  2.22908E-05  2.10005E+00
  2.9969998860E-01  3.0084998858E-01  2.21318E-05  2.10782E+00
  3.0084998858E-01  3.0199998856E-01  2.18271E-05  2.09912E+00
  3.0199998856E-01  3.0314998853E-01  2.16555E-05  2.11038E+00
  3.0314998853E-01  3.0429998851E-01  2.17108E-05  2.08836E+00
  3.0429998851E-01  3.0544998848E-01  2.14190E-05  2.09747E+00
  3.0544998848E-01  3.0659998846E-01  2.12242E-05  2.08591E+00
  3.0659998846E-01  3.0774998844E-01  2.09146E-05  2.09620E+00
  3.0774998844E-01  3.0889998841E-01  2.08399E-05  2.08785E+00
  3.0889998841E-01  3.1004998839E-01  2.04535E-05  2.08689E+00
  3.1004998839E-01  3.1119998837E-01  2.02878E-05  2.09298E+00
  3.1119998837E-01  3.1234998834E-01  1.99478E-05  2.07116E+00
  3.1234998834E-01  3.1349998832E-01  1.98219E-05  2.07806E+00
  3.1349998832E-01  3.1464998829E-01  1.97688E-05  2.08349E+00
  3.1464998829E-01  3.1579998827E-01  1.93398E-05  2.09311E+00
  3.1579998827E-01  3.1694998825E-01  1.92646E-05  2.08201E+00
  3.1694998825E-01  3.1809998822E-01  1.91283E-05  2.08740E+00
  3.1809998822E-01  3.1924998820E-01  1.91051E-05  2.07934E+00
  3.1924998820E-01  3.2039998817E-01  1.90038E-05  2.08891E+00
  3.2039998817E-01  3.2154998815E-01  1.86427E-05  2.08946E+00
  3.2154998815E-01  3.2269998813E-01  1.88160E-05  2.08777E+00
  3.2269998813E-01  3.2384998810E-01  1.83505E-05  2.08653E+00
  3.2384998810E-01  3.2499998808E-01  1.81218E-05  2.07887E+00
  3.2499998808E-01  3.2614998806E-01  1.79220E-05  2.07090E+00
  3.2614998806E-01  3.2729998803E-01  1.79431E-05  2.08074E+00
  3.2729998803E-01  3.2844998801E-01  1.76588E-05  2.07673E+00
  3.2844998801E-01  3.2959998798E-01  1.74906E-05  2.07154E+00
  3.2959998798E-01  3.3074998796E-01  1.72674E-05  2.07460E+00
  3.3074998796E-01  3.3189998794E-01  1.71570E-05  2.07748E+00
  3.3189998794E-01  3.3304998791E-01  1.68815E-05  2.07007E+00
  3.3304998791E-01  3.3419998789E-01  1.67367E-05  2.07729E+00
  3.3419998789E-01  3.3534998786E-01  1.68252E-05  2.06929E+00
  3.3534998786E-01  3.3649998784E-01  1.64418E-05  2.08162E+00
  3.3649998784E-01  3.3764998782E-01  1.63590E-05  2.06259E+00
  3.3764998782E-01  3.3879998779E-01  1.60894E-05  2.08406E+00
  3.3879998779E-01  3.3994998777E-01  1.60992E-05  2.07262E+00
  3.3994998777E-01  3.4109998775E-01  1.58319E-05  2.07331E+00
  3.4109998775E-01  3.4224998772E-01  1.56045E-05  2.06386E+00
  3.4224998772E-01  3.4339998770E-01  1.55960E-05  2.06632E+00
  3.4339998770E-01  3.4454998767E-01  1.54237E-05  2.06135E+00
  3.4454998767E-01  3.4569998765E-01  1.51381E-05  2.07568E+00
  3.4569998765E-01  3.4684998763E-01  1.50994E-05  2.06945E+00
  3.4684998763E-01  3.4799998760E-01  1.49925E-05  2.06565E+00
  3.4799998760E-01  3.4914998758E-01  1.46798E-05  2.06961E+00
  3.4914998758E-01  3.5029998755E-01  1.48095E-05  2.06571E+00
  3.5029998755E-01  3.5144998753E-01  1.45063E-05  2.05832E+00
  3.5144998753E-01  3.5259998751E-01  1.42740E-05  2.07286E+00
  3.5259998751E-01  3.5374998748E-01  1.41529E-05  2.06971E+00
  3.5374998748E-01  3.5489998746E-01  1.40628E-05  2.07040E+00
  3.5489998746E-01  3.5604998744E-01  1.40096E-05  2.06552E+00
  3.5604998744E-01  3.5719998741E-01  1.38390E-05  2.06861E+00
  3.5719998741E-01  3.5834998739E-01  1.36706E-05  2.07682E+00
  3.5834998739E-01  3.5949998736E-01  1.35153E-05  2.07215E+00
  3.5949998736E-01  3.6064998734E-01  1.34401E-05  2.07959E+00
  3.6064998734E-01  3.6179998732E-01  1.31627E-05  2.08501E+00
  3.6179998732E-01  3.6294998729E-01  1.30823E-05  2.07615E+00
  3.6294998729E-01  3.6409998727E-01  1.29227E-05  2.08081E+00
  3.6409998727E-01  3.6524998724E-01  1.27082E-05  2.06702E+00
  3.6524998724E-01  3.6639998722E-01  1.26492E-05  2.07989E+00
  3.6639998722E-01  3.6754998720E-01  1.25305E-05  2.06708E+00
  3.6754998720E-01  3.6869998717E-01  1.24145E-05  2.06450E+00
  3.6869998717E-01  3.6984998715E-01  1.21654E-05  2.08221E+00
  3.6984998715E-01  3.7099998713E-01  1.22647E-05  2.06656E+00
  3.7099998713E-01  3.7214998710E-01  1.20292E-05  2.06243E+00
  3.7214998710E-01  3.7329998708E-01  1.18352E-05  2.06663E+00
  3.7329998708E-01  3.7444998705E-01  1.17061E-05  2.06140E+00
  3.7444998705E-01  3.7559998703E-01  1.15671E-05  2.07249E+00
  3.7559998703E-01  3.7674998701E-01  1.15624E-05  2.06003E+00
  3.7674998701E-01  3.7789998698E-01  1.13578E-05  2.06745E+00
  3.7789998698E-01  3.7904998696E-01  1.13197E-05  2.06834E+00
  3.7904998696E-01  3.8019998693E-01  1.12180E-05  2.07855E+00
  3.8019998693E-01  3.8134998691E-01  1.11600E-05  2.07134E+00
  3.8134998691E-01  3.8249998689E-01  1.09401E-05  2.06670E+00
  3.8249998689E-01  3.8364998686E-01  1.09417E-05  2.05769E+00
  3.8364998686E-01  3.8479998684E-01  1.07267E-05  2.07457E+00
  3.8479998684E-01  3.8594998682E-01  1.07135E-05  2.07498E+00
  3.8594998682E-01  3.8709998679E-01  1.05330E-05  2.05782E+00
  3.8709998679E-01  3.8824998677E-01  1.05564E-05  2.06519E+00
  3.8824998677E-01  3.8939998674E-01  1.04228E-05  2.06278E+00
  3.8939998674E-01  3.9054998672E-01  1.02117E-05  2.06112E+00
  3.9054998672E-01  3.9169998670E-01  1.00034E-05  2.09004E+00
  3.9169998670E-01  3.9284998667E-01  9.97088E-06  2.08986E+00
  3.9284998667E-01  3.9399998665E-01  9.74381E-06  2.07491E+00
  3.9399998665E-01  3.9514998662E-01  9.63340E-06  2.08321E+00
  3.9514998662E-01  3.9629998660E-01  9.71975E-06  2.09378E+00
  3.9629998660E-01  3.9744998658E-01  9.64818E-06  2.08178E+00
  3.9744998658E-01  3.9859998655E-01  9.54535E-06  2.07048E+00
  3.9859998655E-01  3.9974998653E-01  9.30899E-06  2.06303E+00
  3.9974998653E-01  4.0089998651E-01  9.34428E-06  2.09086E+00
  4.0089998651E-01  4.0204998648E-01  9.21693E-06  2.08810E+00
  4.0204998648E-01  4.0319998646E-01  9.05895E-06  2.08761E+00
  4.0319998646E-01  4.0434998643E-01  8.90768E-06  2.08438E+00
  4.0434998643E-01  4.0549998641E-01  8.89177E-06  2.10329E+00
  4.0549998641E-01  4.0664998639E-01  8.82250E-06  2.09367E+00
  4.0664998639E-01  4.0779998636E-01  8.76176E-06  2.09587E+00
  4.0779998636E-01  4.0894998634E-01  8.55749E-06  2.08437E+00
  4.0894998634E-01  4.1009998631E-01  8.44896E-06  2.09041E+00
  4.1009998631E-01  4.1124998629E-01  8.36067E-06  2.11261E+00
  4.1124998629E-01  4.1239998627E-01  8.26870E-06  2.11282E+00
  4.1239998627E-01  4.1354998624E-01  8.05370E-06  2.09116E+00
  4.1354998624E-01  4.1469998622E-01  8.09588E-06  2.08133E+00
  4.1469998622E-01  4.1584998620E-01  7.83909E-06  2.10401E+00
  4.1584998620E-01  4.1699998617E-01  7.81475E-06  2.08624E+00
  4.1699998617E-01  4.1814998615E-01  7.69176E-06  2.10468E+00
  4.1814998615E-01  4.1929998612E-01  7.72517E-06  2.10714E+00
  4.1929998612E-01  4.2044998610E-01  7.67764E-06  2.12019E+00
  4.2044998610E-01  4.2159998608E-01  7.66152E-06  2.10864E+00
  4.2159998608E-01  4.2274998605E-01  7.44843E-06  2.09872E+00
  4.2274998605E-01  4.2389998603E-01  7.29613E-06  2.10344E+00
  4.2389998603E-01  4.2504998600E-01  7.26800E-06  2.10530E+00
  4.2504998600E-01  4.2619998598E-01  7.16270E-06  2.12477E+00
  4.2619998598E-01  4.2734998596E-01  7.20417E-06  2.09158E+00
  4.2734998596E-01  4.2849998593E-01  7.13772E-06  2.10769E+00
  4.2849998593E-01  4.2964998591E-01  6.92364E-06  2.10247E+00
  4.2964998591E-01  4.3079998589E-01  6.97544E-06  2.12084E+00
  4.3079998589E-01  4.3194998586E-01  6.72862E-06  2.11904E+00
  4.3194998586E-01  4.3309998584E-01  6.67642E-06  2.11997E+00
  4.3309998584E-01  4.3424998581E-01  6.54680E-06  2.12452E+00
  4.3424998581E-01  4.3539998579E-01  6.52833E-06  2.15021E+00
  4.3539998579E-01  4.3654998577E-01  6.49950E-06  2.12432E+00
  4.3654998577E-01  4.3769998574E-01  6.38863E-06  2.15537E+00
  4.3769998574E-01  4.3884998572E-01  6.32083E-06  2.16851E+00
  4.3884998572E-01  4.3999998569E-01  6.29437E-06  2.15486E+00
  4.3999998569E-01  4.4114998567E-01  6.06827E-06  2.13552E+00
  4.4114998567E-01  4.4229998565E-01  6.03799E-06  2.13816E+00
  4.4229998565E-01  4.4344998562E-01  6.05685E-06  2.13521E+00
  4.4344998562E-01  4.4459998560E-01  5.92666E-06  2.14388E+00
  4.4459998560E-01  4.4574998558E-01  5.87088E-06  2.13546E+00
  4.4574998558E-01  4.4689998555E-01  5.88082E-06  2.15632E+00
  4.4689998555E-01  4.4804998553E-01  5.78186E-06  2.16774E+00
  4.4804998553E-01  4.4919998550E-01  5.70615E-06  2.14934E+00
  4.4919998550E-01  4.5034998548E-01  5.61077E-06  2.16046E+00
  4.5034998548E-01  4.5149998546E-01  5.46852E-06  2.17797E+00
  4.5149998546E-01  4.5264998543E-01  5.47322E-06  2.18013E+00
  4.5264998543E-01  4.5379998541E-01  5.39909E-06  2.17551E+00
  4.5379998541E-01  4.5494998538E-01  5.46581E-06  2.19931E+00
  4.5494998538E-01  4.5609998536E-01  5.30139E-06  2.19612E+00
  4.5609998536E-01  4.5724998534E-01  5.18667E-06  2.18229E+00
  4.5724998534E-01  4.5839998531E-01  5.14889E-06  2.18106E+00
  4.5839998531E-01  4.5954998529E-01  5.02472E-06  2.20351E+00
  4.5954998529E-01  4.6069998527E-01  5.01075E-06  2.20907E+00
  4.6069998527E-01  4.6184998524E-01  4.97502E-06  2.18038E+00
  4.6184998524E-01  4.6299998522E-01  4.93207E-06  2.17050E+00
  4.6299998522E-01  4.6414998519E-01  4.83746E-06  2.18152E+00
  4.6414998519E-01  4.6529998517E-01  4.67995E-06  2.19557E+00
  4.6529998517E-01  4.6644998515E-01  4.60574E-06  2.18125E+00
  4.6644998515E-01  4.6759998512E-01  4.64069E-06  2.21896E+00
  4.6759998512E-01  4.6874998510E-01  4.71998E-06  2.21789E+00
  4.6874998510E-01  4.6989998507E-01  4.59680E-06  2.22507E+00
  4.6989998507E-01  4.7104998505E-01  4.52249E-06  2.21507E+00
  4.7104998505E-01  4.7219998503E-01  4.42489E-06  2.21570E+00
  4.7219998503E-01  4.7334998500E-01  4.53130E-06  2.23404E+00
  4.7334998500E-01  4.7449998498E-01  4.46652E-06  2.22177E+00
  4.7449998498E-01  4.7564998496E-01  4.42675E-06  2.24528E+00
  4.7564998496E-01  4.7679998493E-01  4.33563E-06  2.25745E+00
  4.7679998493E-01  4.7794998491E-01  4.22367E-06  2.23762E+00
  4.7794998491E-01  4.7909998488E-01  4.19319E-06  2.25096E+00
  4.7909998488E-01  4.8024998486E-01  4.18527E-06  2.29628E+00
  4.8024998486E-01  4.8139998484E-01  3.96988E-06  2.26189E+00
  4.8139998484E-01  4.8254998481E-01  4.05557E-06  2.30727E+00
  4.8254998481E-01  4.8369998479E-01  3.96226E-06  2.27810E+00
  4.8369998479E-01  4.8484998477E-01  3.89099E-06  2.29177E+00
  4.8484998477E-01  4.8599998474E-01  3.79660E-06  2.29522E+00
  4.8599998474E-01  4.8714998472E-01  3.83581E-06  2.32400E+00
  4.8714998472E-01  4.8829998469E-01  3.77201E-06  2.29557E+00
  4.8829998469E-01  4.8944998467E-01  3.70890E-06  2.32022E+00
  4.8944998467E-01  4.9059998465E-01  3.64962E-06  2.33786E+00
  4.9059998465E-01  4.9174998462E-01  3.62388E-06  2.32362E+00
  4.9174998462E-01  4.9289998460E-01  3.52411E-06  2.34839E+00
  4.9289998460E-01  4.9404998457E-01  3.44464E-06  2.32869E+00
  4.9404998457E-01  4.9519998455E-01  3.40459E-06  2.32736E+00
  4.9519998455E-01  4.9634998453E-01  3.37551E-06  2.35612E+00
  4.9634998453E-01  4.9749998450E-01  3.34885E-06  2.33621E+00
  4.9749998450E-01  4.9864998448E-01  3.29263E-06  2.37321E+00
  4.9864998448E-01  4.9979998446E-01  3.26846E-06  2.34654E+00
  4.9979998446E-01  5.0094998443E-01  3.27165E-06  2.41194E+00
  5.0094998443E-01  5.0209998441E-01  3.16661E-06  2.37373E+00
  5.0209998441E-01  5.0324998438E-01  3.20027E-06  2.40561E+00
  5.0324998438E-01  5.0439998436E-01  3.11746E-06  2.37750E+00
  5.0439998436E-01  5.0554998434E-01  3.05508E-06  2.40616E+00
  5.0554998434E-01  5.0669998431E-01  3.02862E-06  2.40957E+00
  5.0669998431E-01  5.0784998429E-01  2.86469E-06  2.37344E+00
  5.0784998429E-01  5.0899998426E-01  2.94066E-06  2.43380E+00
  5.0899998426E-01  5.1014998424E-01  2.83805E-06  2.41830E+00
  5.1014998424E-01  5.1129998422E-01  2.85108E-06  2.42611E+00
  5.1129998422E-01  5.1244998419E-01  2.81878E-06  2.41452E+00
  5.1244998419E-01  5.1359998417E-01  2.81336E-06  2.46196E+00
  5.1359998417E-01  5.1474998415E-01  2.82396E-06  2.42364E+00
  5.1474998415E-01  5.1589998412E-01  2.84302E-06  2.46367E+00
  5.1589998412E-01  5.1704998410E-01  2.70076E-06  2.41114E+00
  5.1704998410E-01  5.1819998407E-01  2.71461E-06  2.42895E+00
  5.1819998407E-01  5.1934998405E-01  2.65016E-06  2.48750E+00
  5.1934998405E-01  5.2049998403E-01  2.54986E-06  2.50583E+00
  5.2049998403E-01  5.2164998400E-01  2.53776E-06  2.54376E+00
  5.2164998400E-01  5.2279998398E-01  2.43443E-06  2.47723E+00
  5.2279998398E-01  5.2394998395E-01  2.51592E-06  2.49964E+00
  5.2394998395E-01  5.2509998393E-01  2.44600E-06  2.50503E+00
  5.2509998393E-01  5.2624998391E-01  2.49428E-06  2.53978E+00
  5.2624998391E-01  5.2739998388E-01  2.35489E-06  2.51770E+00
  5.2739998388E-01  5.2854998386E-01  2.35003E-06  2.53927E+00
  5.2854998386E-01  5.2969998384E-01  2.29572E-06  2.49312E+00
  5.2969998384E-01  5.3084998381E-01  2.26010E-06  2.53696E+00
  5.3084998381E-01  5.3199998379E-01  2.31377E-06  2.58015E+00
  5.3199998379E-01  5.3314998376E-01  2.27673E-06  2.58942E+00
  5.3314998376E-01  5.3429998374E-01  2.20696E-06  2.56241E+00
  5.3429998374E-01  5.3544998372E-01  2.21013E-06  2.60005E+00
  5.3544998372E-01  5.3659998369E-01  2.15523E-06  2.64271E+00
  5.3659998369E-01  5.3774998367E-01  2.11816E-06  2.59409E+00
  5.3774998367E-01  5.3889998364E-01  2.05825E-06  2.64010E+00
  5.3889998364E-01  5.4004998362E-01  2.02624E-06  2.65523E+00
  5.4004998362E-01  5.4119998360E-01  1.98688E-06  2.62349E+00
  5.4119998360E-01  5.4234998357E-01  2.00681E-06  2.70377E+00
  5.4234998357E-01  5.4349998355E-01  1.94385E-06  2.66809E+00
  5.4349998355E-01  5.4464998353E-01  1.94445E-06  2.68009E+00
  5.4464998353E-01  5.4579998350E-01  1.95411E-06  2.70375E+00
  5.4579998350E-01  5.4694998348E-01  1.79902E-06  2.71379E+00
  5.4694998348E-01  5.4809998345E-01  1.77017E-06  2.71483E+00
  5.4809998345E-01  5.4924998343E-01  1.79219E-06  2.69849E+00
  5.4924998343E-01  5.5039998341E-01  1.81976E-06  2.81202E+00
  5.5039998341E-01  5.5154998338E-01  1.79518E-06  2.80163E+00
  5.5154998338E-01  5.5269998336E-01  1.69730E-06  2.74921E+00
  5.5269998336E-01  5.5384998333E-01  1.69597E-06  2.73573E+00
  5.5384998333E-01  5.5499998331E-01  1.74687E-06  2.82008E+00
  5.5499998331E-01  5.5614998329E-01  1.70733E-06  2.79276E+00
  5.5614998329E-01  5.5729998326E-01  1.78110E-06  2.81005E+00
  5.5729998326E-01  5.5844998324E-01  1.68871E-06  2.81265E+00
  5.5844998324E-01  5.5959998322E-01  1.70845E-06  2.83639E+00
  5.5959998322E-01  5.6074998319E-01  1.59032E-06  2.84091E+00
  5.6074998319E-01  5.6189998317E-01  1.56968E-06  2.85171E+00
  5.6189998317E-01  5.6304998314E-01  1.51129E-06  2.82686E+00
  5.6304998314E-01  5.6419998312E-01  1.51726E-06  2.84611E+00
  5.6419998312E-01  5.6534998310E-01  1.52556E-06  2.89074E+00
  5.6534998310E-01  5.6649998307E-01  1.46003E-06  2.85967E+00
  5.6649998307E-01  5.6764998305E-01  1.43732E-06  2.84748E+00
  5.6764998305E-01  5.6879998302E-01  1.45730E-06  2.87444E+00
  5.6879998302E-01  5.6994998300E-01  1.44451E-06  2.93169E+00
  5.6994998300E-01  5.7109998298E-01  1.40825E-06  2.96851E+00
  5.7109998298E-01  5.7224998295E-01  1.36296E-06  3.05312E+00
  5.7224998295E-01  5.7339998293E-01  1.32591E-06  3.01200E+00
  5.7339998293E-01  5.7454998291E-01  1.28746E-06  2.97815E+00
  5.7454998291E-01  5.7569998288E-01  1.38041E-06  3.10231E+00
  5.7569998288E-01  5.7684998286E-01  1.34263E-06  3.01387E+00
  5.7684998286E-01  5.7799998283E-01  1.36564E-06  3.15291E+00
  5.7799998283E-01  5.7914998281E-01  1.34921E-06  3.17161E+00
  5.7914998281E-01  5.8029998279E-01  1.28638E-06  3.16382E+00
  5.8029998279E-01  5.8144998276E-01  1.29318E-06  3.10489E+00
  5.8144998276E-01  5.8259998274E-01  1.22827E-06  3.19713E+00
  5.8259998274E-01  5.8374998271E-01  1.18622E-06  3.13032E+00
  5.8374998271E-01  5.8489998269E-01  1.13927E-06  3.15412E+00
  5.8489998269E-01  5.8604998267E-01  1.15797E-06  3.26145E+00
  5.8604998267E-01  5.8719998264E-01  1.14229E-06  3.19540E+00
  5.8719998264E-01  5.8834998262E-01  1.12222E-06  3.30184E+00
  5.8834998262E-01  5.8949998260E-01  1.07792E-06  3.21892E+00
  5.8949998260E-01  5.9064998257E-01  1.08001E-06  3.28842E+00
  5.9064998257E-01  5.9179998255E-01  1.08104E-06  3.29626E+00
  5.9179998255E-01  5.9294998252E-01  1.08340E-06  3.36296E+00
  5.9294998252E-01  5.9409998250E-01  1.01033E-06  3.40571E+00
  5.9409998250E-01  5.9524998248E-01  1.00185E-06  3.36394E+00
  5.9524998248E-01  5.9639998245E-01  1.02591E-06  3.43282E+00
  5.9639998245E-01  5.9754998243E-01  9.68740E-07  3.38202E+00
  5.9754998243E-01  5.9869998240E-01  9.45610E-07  3.33343E+00
  5.9869998240E-01  5.9984998238E-01  9.57104E-07  3.49352E+00
  5.9984998238E-01  6.0099998236E-01  9.37704E-07  3.43413E+00
  6.0099998236E-01  6.0214998233E-01  9.06386E-07  3.44311E+00
  6.0214998233E-01  6.0329998231E-01  9.26273E-07  3.48787E+00
  6.0329998231E-01  6.0444998229E-01  8.87558E-07  3.51058E+00
  6.0444998229E-01  6.0559998226E-01  8.59693E-07  3.56485E+00
  6.0559998226E-01  6.0674998224E-01  8.65202E-07  3.69065E+00
  6.0674998224E-01  6.0789998221E-01  8.94028E-07  3.78676E+00
  6.0789998221E-01  6.0904998219E-01  8.10209E-07  3.68594E+00
  6.0904998219E-01  6.1019998217E-01  8.00701E-07  3.69190E+00
  6.1019998217E-01  6.1134998214E-01  8.35860E-07  3.70219E+00
  6.1134998214E-01  6.1249998212E-01  8.41863E-07  3.80283E+00
  6.1249998212E-01  6.1364998209E-01  7.79717E-07  3.70472E+00
  6.1364998209E-01  6.1479998207E-01  7.79013E-07  3.77303E+00
  6.1479998207E-01  6.1594998205E-01  7.75729E-07  3.82183E+00
  6.1594998205E-01  6.1709998202E-01  7.41103E-07  3.72226E+00
  6.1709998202E-01  6.1824998200E-01  7.41128E-07  3.88319E+00
  6.1824998200E-01  6.1939998198E-01  7.21410E-07  3.90680E+00
  6.1939998198E-01  6.2054998195E-01  7.19364E-07  3.86318E+00
  6.2054998195E-01  6.2169998193E-01  6.95634E-07  3.91407E+00
  6.2169998193E-01  6.2284998190E-01  7.03455E-07  3.94503E+00
  6.2284998190E-01  6.2399998188E-01  6.76850E-07  3.91811E+00
  6.2399998188E-01  6.2514998186E-01  6.69886E-07  4.07699E+00
  6.2514998186E-01  6.2629998183E-01  6.65942E-07  4.06248E+00
  6.2629998183E-01  6.2744998181E-01  6.52584E-07  4.10632E+00
  6.2744998181E-01  6.2859998178E-01  6.46775E-07  4.05615E+00
  6.2859998178E-01  6.2974998176E-01  6.27744E-07  4.11306E+00
  6.2974998176E-01  6.3089998174E-01  6.28914E-07  4.20753E+00
  6.3089998174E-01  6.3204998171E-01  5.99501E-07  4.07161E+00
  6.3204998171E-01  6.3319998169E-01  6.17364E-07  4.32326E+00
  6.3319998169E-01  6.3434998167E-01  6.42712E-07  4.37410E+00
  6.3434998167E-01  6.3549998164E-01  6.01175E-07  4.22169E+00
  6.3549998164E-01  6.3664998162E-01  6.05814E-07  4.21879E+00
  6.3664998162E-01  6.3779998159E-01  5.52565E-07  4.19506E+00
  6.3779998159E-01  6.3894998157E-01  5.79548E-07  4.22325E+00
  6.3894998157E-01  6.4009998155E-01  5.78863E-07  4.32176E+00
  6.4009998155E-01  6.4124998152E-01  5.51924E-07  4.48125E+00
  6.4124998152E-01  6.4239998150E-01  5.04212E-07  4.42216E+00
  6.4239998150E-01  6.4354998147E-01  5.37743E-07  4.78956E+00
  6.4354998147E-01  6.4469998145E-01  5.32326E-07  4.34820E+00
  6.4469998145E-01  6.4584998143E-01  5.01887E-07  4.33647E+00
  6.4584998143E-01  6.4699998140E-01  5.13411E-07  4.51602E+00
  6.4699998140E-01  6.4814998138E-01  5.06214E-07  4.59525E+00
  6.4814998138E-01  6.4929998136E-01  5.01115E-07  4.58727E+00
  6.4929998136E-01  6.5044998133E-01  4.88942E-07  4.65393E+00
  6.5044998133E-01  6.5159998131E-01  4.33504E-07  4.72571E+00
  6.5159998131E-01  6.5274998128E-01  4.45590E-07  4.67663E+00
  6.5274998128E-01  6.5389998126E-01  4.61612E-07  4.59541E+00
  6.5389998126E-01  6.5504998124E-01  4.64061E-07  4.75618E+00
  6.5504998124E-01  6.5619998121E-01  4.51202E-07  4.84097E+00
  6.5619998121E-01  6.5734998119E-01  4.23794E-07  4.73973E+00
  6.5734998119E-01  6.5849998116E-01  4.25411E-07  4.83213E+00
  6.5849998116E-01  6.5964998114E-01  4.11479E-07  5.10231E+00
  6.5964998114E-01  6.6079998112E-01  4.05727E-07  4.83540E+00
  6.6079998112E-01  6.6194998109E-01  3.97972E-07  4.90200E+00
  6.6194998109E-01  6.6309998107E-01  4.09609E-07  5.39192E+00
  6.6309998107E-01  6.6424998105E-01  4.04048E-07  5.16890E+00
  6.6424998105E-01  6.6539998102E-01  3.96989E-07  5.20845E+00
  6.6539998102E-01  6.6654998100E-01  4.12084E-07  5.30032E+00
  6.6654998100E-01  6.6769998097E-01  3.77535E-07  5.12579E+00
  6.6769998097E-01  6.6884998095E-01  3.79365E-07  5.32137E+00
  6.6884998095E-01  6.6999998093E-01  3.68336E-07  5.25233E+00
  6.6999998093E-01  6.7114998090E-01  3.62297E-07  5.33541E+00
  6.7114998090E-01  6.7229998088E-01  3.38485E-07  5.45340E+00
  6.7229998088E-01  6.7344998085E-01  3.55333E-07  5.44543E+00
  6.7344998085E-01  6.7459998083E-01  3.56152E-07  5.52992E+00
  6.7459998083E-01  6.7574998081E-01  3.22751E-07  5.60791E+00
  6.7574998081E-01  6.7689998078E-01  3.47760E-07  5.60351E+00
  6.7689998078E-01  6.7804998076E-01  3.32032E-07  5.71326E+00
  6.7804998076E-01  6.7919998074E-01  3.02569E-07  5.86596E+00
  6.7919998074E-01  6.8034998071E-01  2.94024E-07  5.53946E+00
  6.8034998071E-01  6.8149998069E-01  3.31876E-07  5.76391E+00
  6.8149998069E-01  6.8264998066E-01  3.00662E-07  6.01191E+00
  6.8264998066E-01  6.8379998064E-01  3.05679E-07  5.91092E+00
  6.8379998064E-01  6.8494998062E-01  2.72739E-07  5.65541E+00
  6.8494998062E-01  6.8609998059E-01  3.00936E-07  6.14613E+00
  6.8609998059E-01  6.8724998057E-01  2.87469E-07  6.23286E+00
  6.8724998057E-01  6.8839998055E-01  2.72656E-07  6.21271E+00
  6.8839998055E-01  6.8954998052E-01  2.75074E-07  6.09771E+00
  6.8954998052E-01  6.9069998050E-01  2.88055E-07  6.10249E+00
  6.9069998050E-01  6.9184998047E-01  2.69101E-07  6.36703E+00
  6.9184998047E-01  6.9299998045E-01  2.66398E-07  6.35411E+00
  6.9299998045E-01  6.9414998043E-01  2.38209E-07  6.44420E+00
  6.9414998043E-01  6.9529998040E-01  2.37516E-07  6.23405E+00
  6.9529998040E-01  6.9644998038E-01  2.45226E-07  6.69850E+00
  6.9644998038E-01  6.9759998035E-01  2.46514E-07  6.44552E+00
  6.9759998035E-01  6.9874998033E-01  2.38814E-07  6.43318E+00
  6.9874998033E-01  6.9989998031E-01  2.64677E-07  6.70384E+00
  6.9989998031E-01  7.0104998028E-01  2.65319E-07  6.33884E+00
  7.0104998028E-01  7.0219998026E-01  2.51111E-07  7.02622E+00
  7.0219998026E-01  7.0334998024E-01  2.35573E-07  6.55222E+00
  7.0334998024E-01  7.0449998021E-01  2.11052E-07  6.44320E+00
  7.0449998021E-01  7.0564998019E-01  2.16405E-07  6.83704E+00
  7.0564998019E-01  7.0679998016E-01  2.18689E-07  7.04682E+00
  7.0679998016E-01  7.0794998014E-01  2.02530E-07  7.28607E+00
  7.0794998014E-01  7.0909998012E-01  2.01875E-07  7.02364E+00
  7.0909998012E-01  7.1024998009E-01  2.00599E-07  7.09069E+00
  7.1024998009E-01  7.1139998007E-01  2.08897E-07  7.26029E+00
  7.1139998007E-01  7.1254998004E-01  2.07017E-07  7.48938E+00
  7.1254998004E-01  7.1369998002E-01  1.84463E-07  7.19745E+00
  7.1369998002E-01  7.1484998000E-01  1.87667E-07  7.16283E+00
  7.1484998000E-01  7.1599997997E-01  1.94976E-07  7.35683E+00
  7.1599997997E-01  7.1714997995E-01  1.74404E-07  7.42914E+00
  7.1714997995E-01  7.1829997993E-01  2.00621E-07  7.12043E+00
  7.1829997993E-01  7.1944997990E-01  2.06441E-07  7.38996E+00
  7.1944997990E-01  7.2059997988E-01  1.86048E-07  7.21190E+00
  7.2059997988E-01  7.2174997985E-01  1.95919E-07  7.66555E+00
  7.2174997985E-01  7.2289997983E-01  1.75045E-07  7.48768E+00
  7.2289997983E-01  7.2404997981E-01  1.91418E-07  7.86075E+00
  7.2404997981E-01  7.2519997978E-01  1.79293E-07  7.77638E+00
  7.2519997978E-01  7.2634997976E-01  1.49375E-07  7.75778E+00
  7.2634997976E-01  7.2749997973E-01  1.82215E-07  8.38550E+00
  7.2749997973E-01  7.2864997971E-01  1.90114E-07  8.27898E+00
  7.2864997971E-01  7.2979997969E-01  1.54514E-07  8.35429E+00
  7.2979997969E-01  7.3094997966E-01  1.50754E-07  8.37698E+00
  7.3094997966E-01  7.3209997964E-01  1.72337E-07  8.14778E+00
  7.3209997964E-01  7.3324997962E-01  1.56807E-07  8.29956E+00
  7.3324997962E-01  7.3439997959E-01  1.55697E-07  8.30963E+00
  7.3439997959E-01  7.3554997957E-01  1.76922E-07  8.35975E+00
  7.3554997957E-01  7.3669997954E-01  1.59089E-07  8.51311E+00
  7.3669997954E-01  7.3784997952E-01  1.56185E-07  8.60870E+00
  7.3784997952E-01  7.3899997950E-01  1.21965E-07  8.30418E+00
  7.3899997950E-01  7.4014997947E-01  1.36967E-07  9.14016E+00
  7.4014997947E-01  7.4129997945E-01  1.24377E-07  8.28010E+00
  7.4129997945E-01  7.4244997942E-01  1.23754E-07  8.77727E+00
  7.4244997942E-01  7.4359997940E-01  1.44421E-07  8.94151E+00
  7.4359997940E-01  7.4474997938E-01  1.47948E-07  9.21121E+00
  7.4474997938E-01  7.4589997935E-01  1.31475E-07  8.72821E+00
  7.4589997935E-01  7.4704997933E-01  1.30632E-07  8.61211E+00
  7.4704997933E-01  7.4819997931E-01  1.47871E-07  8.84068E+00
  7.4819997931E-01  7.4934997928E-01  1.37206E-07  9.31977E+00
  7.4934997928E-01  7.5049997926E-01  1.26381E-07  9.13579E+00
  7.5049997926E-01  7.5164997923E-01  1.33268E-07  9.47426E+00
  7.5164997923E-01  7.5279997921E-01  1.48021E-07  9.42510E+00
  7.5279997921E-01  7.5394997919E-01  1.22220E-07  8.92092E+00
  7.5394997919E-01  7.5509997916E-01  1.24554E-07  9.73848E+00
  7.5509997916E-01  7.5624997914E-01  1.24384E-07  9.90962E+00
  7.5624997914E-01  7.5739997911E-01  1.22530E-07  9.56463E+00
  7.5739997911E-01  7.5854997909E-01  1.26111E-07  9.11617E+00
  7.5854997909E-01  7.5969997907E-01  1.14451E-07  9.28144E+00
  7.5969997907E-01  7.6084997904E-01  1.22360E-07  9.79847E+00
  7.6084997904E-01  7.6199997902E-01  1.07759E-07  9.81300E+00
  7.6199997902E-01  7.6314997900E-01  1.07829E-07  1.00928E+01
  7.6314997900E-01  7.6429997897E-01  1.13695E-07  1.02353E+01
  7.6429997897E-01  7.6544997895E-01  1.30097E-07  9.60542E+00
  7.6544997895E-01  7.6659997892E-01  1.17671E-07  1.01116E+01
  7.6659997892E-01  7.6774997890E-01  1.30694E-07  1.02126E+01
  7.6774997890E-01  7.6889997888E-01  9.42098E-08  9.49194E+00
  7.6889997888E-01  7.7004997885E-01  1.33404E-07  1.03905E+01
  7.7004997885E-01  7.7119997883E-01  9.28255E-08  1.01980E+01
  7.7119997883E-01  7.7234997880E-01  9.72590E-08  1.04298E+01
  7.7234997880E-01  7.7349997878E-01  9.16235E-08  1.05531E+01
  7.7349997878E-01  7.7464997876E-01  9.33947E-08  1.07734E+01
  7.7464997876E-01  7.7579997873E-01  8.00228E-08  1.09301E+01
  7.7579997873E-01  7.7694997871E-01  8.91639E-08  1.09707E+01
  7.7694997871E-01  7.7809997869E-01  9.44165E-08  1.11129E+01
  7.7809997869E-01  7.7924997866E-01  1.17419E-07  1.10162E+01
  7.7924997866E-01  7.8039997864E-01  9.11393E-08  1.11533E+01
  7.8039997864E-01  7.8154997861E-01  9.22077E-08  1.15151E+01
  7.8154997861E-01  7.8269997859E-01  7.40986E-08  1.08653E+01
  7.8269997859E-01  7.8384997857E-01  9.63713E-08  1.11160E+01
  7.8384997857E-01  7.8499997854E-01  1.18434E-07  1.16444E+01
  7.8499997854E-01  7.8614997852E-01  9.22535E-08  1.18550E+01
  7.8614997852E-01  7.8729997849E-01  9.88457E-08  1.14715E+01
  7.8729997849E-01  7.8844997847E-01  8.80529E-08  1.23402E+01
  7.8844997847E-01  7.8959997845E-01  9.60900E-08  1.17695E+01
  7.8959997845E-01  7.9074997842E-01  7.09545E-08  1.24635E+01
  7.9074997842E-01  7.9189997840E-01  8.04934E-08  1.18156E+01
  7.9189997840E-01  7.9304997838E-01  8.10354E-08  1.26462E+01
  7.9304997838E-01  7.9419997835E-01  8.21566E-08  1.18854E+01
  7.9419997835E-01  7.9534997833E-01  7.01388E-08  1.31705E+01
  7.9534997833E-01  7.9649997830E-01  9.00034E-08  1.12578E+01
  7.9649997830E-01  7.9764997828E-01  8.78481E-08  1.25740E+01
  7.9764997828E-01  7.9879997826E-01  8.59701E-08  1.27917E+01
  7.9879997826E-01  7.9994997823E-01  9.11145E-08  1.19943E+01
  7.9994997823E-01  8.0109997821E-01  7.03747E-08  1.28012E+01
  8.0109997821E-01  8.0224997818E-01  1.00350E-07  1.23199E+01
  8.0224997818E-01  8.0339997816E-01  8.15680E-08  1.19539E+01
  8.0339997816E-01  8.0454997814E-01  7.19054E-08  1.29102E+01
  8.0454997814E-01  8.0569997811E-01  7.53494E-08  1.34497E+01
  8.0569997811E-01  8.0684997809E-01  8.36626E-08  1.25806E+01
  8.0684997809E-01  8.0799997807E-01  7.26416E-08  1.21950E+01
  8.0799997807E-01  8.0914997804E-01  6.75932E-08  1.34072E+01
  8.0914997804E-01  8.1029997802E-01  6.72310E-08  1.20284E+01
  8.1029997802E-01  8.1144997799E-01  9.61739E-08  1.22396E+01
  8.1144997799E-01  8.1259997797E-01  6.78423E-08  1.28824E+01
  8.1259997797E-01  8.1374997795E-01  7.41237E-08  1.30651E+01
  8.1374997795E-01  8.1489997792E-01  7.87265E-08  1.36966E+01
  8.1489997792E-01  8.1604997790E-01  5.53790E-08  1.26658E+01
  8.1604997790E-01  8.1719997787E-01  6.07784E-08  1.34607E+01
  8.1719997787E-01  8.1834997785E-01  8.00151E-08  1.32246E+01
  8.1834997785E-01  8.1949997783E-01  5.38211E-08  1.28715E+01
  8.1949997783E-01  8.2064997780E-01  5.81752E-08  1.43474E+01
  8.2064997780E-01  8.2179997778E-01  7.99526E-08  1.26692E+01
  8.2179997778E-01  8.2294997776E-01  6.07907E-08  1.35511E+01
  8.2294997776E-01  8.2409997773E-01  7.02340E-08  1.44416E+01
  8.2409997773E-01  8.2524997771E-01  7.36309E-08  1.35372E+01
  8.2524997771E-01  8.2639997768E-01  6.79365E-08  1.38979E+01
  8.2639997768E-01  8.2754997766E-01  7.08937E-08  1.32370E+01
  8.2754997766E-01  8.2869997764E-01  5.94691E-08  1.38997E+01
  8.2869997764E-01  8.2984997761E-01  6.39447E-08  1.40391E+01
  8.2984997761E-01  8.3099997759E-01  6.98940E-08  1.32863E+01
  8.3099997759E-01  8.3214997756E-01  6.08280E-08  1.52393E+01
  8.3214997756E-01  8.3329997754E-01  5.83709E-08  1.30596E+01
  8.3329997754E-01  8.3444997752E-01  6.01412E-08  1.27246E+01
  8.3444997752E-01  8.3559997749E-01  6.49033E-08  1.34269E+01
  8.3559997749E-01  8.3674997747E-01  7.06226E-08  1.43927E+01
  8.3674997747E-01  8.3789997745E-01  4.42153E-08  1.46746E+01
  8.3789997745E-01  8.3904997742E-01  6.04913E-08  1.37558E+01
  8.3904997742E-01  8.4019997740E-01  5.17441E-08  1.38751E+01
  8.4019997740E-01  8.4134997737E-01  7.09824E-08  1.36768E+01
  8.4134997737E-01  8.4249997735E-01  5.84552E-08  1.45354E+01
  8.4249997735E-01  8.4364997733E-01  5.92867E-08  1.41306E+01
  8.4364997733E-01  8.4479997730E-01  5.52020E-08  1.52714E+01
  8.4479997730E-01  8.4594997728E-01  5.28401E-08  1.44187E+01
  8.4594997728E-01  8.4709997725E-01  5.44542E-08  1.38061E+01
  8.4709997725E-01  8.4824997723E-01  5.86199E-08  1.45394E+01
  8.4824997723E-01  8.4939997721E-01  5.89857E-08  1.43927E+01
  8.4939997721E-01  8.5054997718E-01  5.93565E-08  1.53141E+01
  8.5054997718E-01  8.5169997716E-01  6.24221E-08  1.41666E+01
  8.5169997716E-01  8.5284997714E-01  7.06657E-08  1.51688E+01
  8.5284997714E-01  8.5399997711E-01  7.37167E-08  1.38860E+01
  8.5399997711E-01  8.5514997709E-01  6.40746E-08  1.44993E+01
  8.5514997709E-01  8.5629997706E-01  6.13620E-08  1.30892E+01
  8.5629997706E-01  8.5744997704E-01  5.93595E-08  1.30346E+01
  8.5744997704E-01  8.5859997702E-01  7.18375E-08  1.30711E+01
  8.5859997702E-01  8.5974997699E-01  6.16629E-08  1.40708E+01
  8.5974997699E-01  8.6089997697E-01  4.69875E-08  1.48654E+01
  8.6089997697E-01  8.6204997694E-01  6.29647E-08  1.38636E+01
  8.6204997694E-01  8.6319997692E-01  6.19163E-08  1.42964E+01
  8.6319997692E-01  8.6434997690E-01  4.58134E-08  1.32851E+01
  8.6434997690E-01  8.6549997687E-01  6.36200E-08  1.39602E+01
  8.6549997687E-01  8.6664997685E-01  7.11868E-08  1.32691E+01
  8.6664997685E-01  8.6779997683E-01  6.78710E-08  1.44349E+01
  8.6779997683E-01  8.6894997680E-01  6.40240E-08  1.43813E+01
  8.6894997680E-01  8.7009997678E-01  6.75443E-08  1.40307E+01
  8.7009997678E-01  8.7124997675E-01  4.86898E-08  1.47358E+01
  8.7124997675E-01  8.7239997673E-01  6.15823E-08  1.59046E+01
  8.7239997673E-01  8.7354997671E-01  6.69924E-08  1.42950E+01
  8.7354997671E-01  8.7469997668E-01  5.28729E-08  1.49084E+01
  8.7469997668E-01  8.7584997666E-01  6.27117E-08  1.51025E+01
  8.7584997666E-01  8.7699997663E-01  5.99271E-08  1.35079E+01
  8.7699997663E-01  8.7814997661E-01  6.48655E-08  1.53541E+01
  8.7814997661E-01  8.7929997659E-01  6.89600E-08  1.33206E+01
  8.7929997659E-01  8.8044997656E-01  5.74579E-08  1.46362E+01
  8.8044997656E-01  8.8159997654E-01  5.87586E-08  1.43852E+01
  8.8159997654E-01  8.8274997652E-01  5.59877E-08  1.54564E+01
  8.8274997652E-01  8.8389997649E-01  3.75745E-08  1.63497E+01
  8.8389997649E-01  8.8504997647E-01  5.56812E-08  1.63935E+01
  8.8504997647E-01  8.8619997644E-01  4.70197E-08  1.54056E+01
  8.8619997644E-01  8.8734997642E-01  5.28456E-08  1.47429E+01
  8.8734997642E-01  8.8849997640E-01  4.96972E-08  1.57830E+01
  8.8849997640E-01  8.8964997637E-01  6.33334E-08  1.42402E+01
  8.8964997637E-01  8.9079997635E-01  6.03087E-08  1.52360E+01
  8.9079997635E-01  8.9194997633E-01  6.21207E-08  1.46607E+01
  8.9194997633E-01  8.9309997630E-01  5.80688E-08  1.44718E+01
  8.9309997630E-01  8.9424997628E-01  5.23184E-08  1.56400E+01
  8.9424997628E-01  8.9539997625E-01  5.36881E-08  1.47173E+01
  8.9539997625E-01  8.9654997623E-01  4.69065E-08  1.57662E+01
  8.9654997623E-01  8.9769997621E-01  5.95586E-08  1.56133E+01
  8.9769997621E-01  8.9884997618E-01  4.41872E-08  1.67300E+01
  8.9884997618E-01  8.9999997616E-01  7.18473E-08  1.41558E+01
  8.9999997616E-01  8.9999997616E-01  7.18473E-08  1.41558E+01
