#Grid-Scan using Optidos
#Timet: 20-06-24-12:38:46
#Unit: Gy
#Duration: 3 s
#
#Aufloesung:
#  0 besser als 0.5%
#  1 zwischen 0.5% und 1%
#  2 schlechter als 1%
#Meﬂbereich:
#  0 Low
#  1 High
#
x[mm];y[mm];z[mm];Value;Resolution;Range
25.65;26.4;0;0.03797;0;0
25.65;26.4;0.02;0.03751;0;0
25.65;26.4;0.04;0.0367;0;0
25.65;26.4;0.06;0.03602;0;0
25.65;26.4;0.08;0.03529;0;0
25.65;26.4;0.1;0.03459;0;0
25.65;26.4;0.12;0.03387;0;0
25.65;26.4;0.14;0.03316;0;0
25.65;26.4;0.16;0.03254;0;0
25.65;26.4;0.18;0.03192;0;0
25.65;26.4;0.2;0.0313;0;0
25.65;26.4;0.22;0.03068;0;0
25.65;26.4;0.24;0.03004;0;0
25.65;26.4;0.26;0.0295;0;0
25.65;26.4;0.28;0.02889;0;0
25.65;26.4;0.3;0.02835;0;0
25.65;26.4;0.32;0.02776;0;0
25.65;26.4;0.34;0.02713;0;0
25.65;26.4;0.36;0.02664;0;0
25.65;26.4;0.38;0.0261;0;0
25.65;26.4;0.4;0.02565;0;0
25.65;26.4;0.42;0.02513;0;0
25.65;26.4;0.44;0.02464;0;0
25.65;26.4;0.46;0.02412;0;0
25.65;26.4;0.48;0.02363;0;0
25.65;26.4;0.5;0.02327;0;0
25.65;26.4;0.52;0.02281;0;0
25.65;26.4;0.54;0.02234;0;0
25.65;26.4;0.56;0.02188;0;0
25.65;26.4;0.58;0.02143;0;0
25.65;26.4;0.6;0.02109;0;0
25.65;26.4;0.62;0.02063;0;0
25.65;26.4;0.64;0.02022;0;0
25.65;26.4;0.66;0.01987;0;0
25.65;26.4;0.68;0.01944;0;0
25.65;26.4;0.7;0.01907;0;0
25.65;26.4;0.72;0.01871;0;0
25.65;26.4;0.74;0.01836;0;0
25.65;26.4;0.76;0.018;0;0
25.65;26.4;0.78;0.0177;0;0
25.65;26.4;0.8;0.0173;0;0
25.65;26.4;0.82;0.01695;0;0
25.65;26.4;0.84;0.01667;0;0
25.65;26.4;0.86;0.01633;0;0
25.65;26.4;0.88;0.01609;0;0
25.65;26.4;0.9;0.01575;0;0
25.65;26.4;0.92;0.01541;0;0
25.65;26.4;0.94;0.01511;0;0
25.65;26.4;0.96;0.01482;0;0
25.65;26.4;0.98;0.01458;0;0
25.65;26.4;1;0.01426;0;0
25.65;26.4;1.02;0.01397;0;0
25.65;26.4;1.04;0.01373;0;0
25.65;26.4;1.06;0.01345;0;0
25.65;26.4;1.08;0.01321;0;0
25.65;26.4;1.1;0.01294;0;0
25.65;26.4;1.12;0.01274;0;0
25.65;26.4;1.14;0.01247;0;0
25.65;26.4;1.16;0.01226;0;0
25.65;26.4;1.18;0.01204;0;0
25.65;26.4;1.2;0.01178;0;0
25.65;26.4;1.22;0.01159;0;0
25.65;26.4;1.24;0.01137;0;0
25.65;26.4;1.26;0.01114;0;0
25.65;26.4;1.28;0.01093;0;0
25.65;26.4;1.3;0.01068;0;0
25.65;26.4;1.32;0.01055;0;0
25.65;26.4;1.34;0.01028;0;0
25.65;26.4;1.36;0.01013;0;0
25.65;26.4;1.38;0.00997;0;0
25.65;26.4;1.4;0.009737;0;0
25.65;26.4;1.42;0.009528;0;0
25.65;26.4;1.44;0.009417;0;0
25.65;26.4;1.46;0.009244;0;0
25.65;26.4;1.48;0.009019;0;0
25.65;26.4;1.5;0.00885;0;0
25.65;26.4;1.52;0.008703;0;0
25.65;26.4;1.54;0.008566;0;0
25.65;26.4;1.56;0.008395;0;0
25.65;26.4;1.58;0.008233;0;0
25.65;26.4;1.6;0.00808;0;0
25.65;26.4;1.62;0.007937;0;0
25.65;26.4;1.64;0.007778;0;0
25.65;26.4;1.66;0.00767;0;0
25.65;26.4;1.68;0.007502;0;0
25.65;26.4;1.7;0.007314;0;0
25.65;26.4;1.72;0.007189;0;0
25.65;26.4;1.74;0.00709;0;0
25.65;26.4;1.76;0.006978;0;0
25.65;26.4;1.78;0.006825;0;0
25.65;26.4;1.8;0.006683;0;0
25.65;26.4;1.82;0.006563;0;0
25.65;26.4;1.84;0.006456;0;0
25.65;26.4;1.86;0.006307;0;0
25.65;26.4;1.88;0.006196;0;0
25.65;26.4;1.9;0.006075;0;0
25.65;26.4;1.92;0.006007;0;0
25.65;26.4;1.94;0.00588;0;0
25.65;26.4;1.96;0.005746;0;0
25.65;26.4;1.98;0.00565;0;0
25.65;26.4;2;0.00554;0;0
25.65;26.4;2.02;0.005468;0;0
25.65;26.4;2.04;0.005307;0;0
25.65;26.4;2.06;0.00526;0;0
25.65;26.4;2.08;0.005144;0;0
25.65;26.4;2.1;0.005016;0;0
25.65;26.4;2.12;0.004971;0;0
25.65;26.4;2.14;0.004893;0;0
25.65;26.4;2.16;0.004773;0;0
25.65;26.4;2.18;0.004678;0;0
25.65;26.4;2.2;0.004593;0;0
25.65;26.4;2.22;0.004512;0;0
25.65;26.4;2.24;0.004419;0;0
25.65;26.4;2.26;0.004334;0;0
25.65;26.4;2.28;0.004256;0;0
25.65;26.4;2.3;0.004198;0;0
25.65;26.4;2.32;0.004104;0;0
25.65;26.4;2.34;0.004027;0;0
25.65;26.4;2.36;0.003934;0;0
25.65;26.4;2.38;0.003844;0;0
25.65;26.4;2.4;0.003804;0;0
25.65;26.4;2.42;0.00374;0;0
25.65;26.4;2.44;0.003641;0;0
25.65;26.4;2.46;0.003586;0;0
25.65;26.4;2.48;0.003544;0;0
25.65;26.4;2.5;0.003437;0;0
25.65;26.4;2.52;0.003357;0;0
25.65;26.4;2.54;0.003344;0;0
25.65;26.4;2.56;0.003265;0;0
25.65;26.4;2.58;0.003216;0;0
25.65;26.4;2.6;0.003129;0;0
25.65;26.4;2.62;0.003056;0;0
25.65;26.4;2.64;0.003006;0;0
25.65;26.4;2.66;0.002954;0;0
25.65;26.4;2.68;0.002892;0;0
25.65;26.4;2.7;0.002869;0;0
25.65;26.4;2.72;0.002788;0;0
25.65;26.4;2.74;0.002735;0;0
25.65;26.4;2.76;0.002688;0;0
25.65;26.4;2.78;0.002622;0;0
25.65;26.4;2.8;0.002582;0;0
25.65;26.4;2.82;0.002567;0;0
25.65;26.4;2.84;0.002473;0;0
25.65;26.4;2.86;0.002448;0;0
25.65;26.4;2.88;0.002394;0;0
25.65;26.4;2.9;0.002375;0;0
25.65;26.4;2.92;0.002316;0;0
25.65;26.4;2.94;0.002257;0;0
25.65;26.4;2.96;0.002207;0;0
25.65;26.4;2.98;0.002191;0;0
25.65;26.4;3;0.002138;0;0
25.65;26.4;3.02;0.002085;0;0
25.65;26.4;3.04;0.002048;0;0
25.65;26.4;3.06;0.001997;0;0
25.65;26.4;3.08;0.001972;0;0
25.65;26.4;3.1;0.001934;0;0
25.65;26.4;3.12;0.001895;0;0
25.65;26.4;3.14;0.00187;0;0
25.65;26.4;3.16;0.00182;0;0
25.65;26.4;3.18;0.001788;0;0
25.65;26.4;3.2;0.001738;0;0
25.65;26.4;3.22;0.001705;0;0
25.65;26.4;3.24;0.001683;0;0
25.65;26.4;3.26;0.00165;0;0
25.65;26.4;3.28;0.001609;0;0
25.65;26.4;3.3;0.001599;0;0
25.65;26.4;3.32;0.00154;0;0
25.65;26.4;3.34;0.0015;0;0
25.65;26.4;3.36;0.001495;0;0
25.65;26.4;3.38;0.001468;0;0
25.65;26.4;3.4;0.001414;0;0
25.65;26.4;3.42;0.001391;0;0
25.65;26.4;3.44;0.001372;0;0
25.65;26.4;3.46;0.001349;0;0
25.65;26.4;3.48;0.001313;0;0
25.65;26.4;3.5;0.00128;0;0
25.65;26.4;3.52;0.001257;0;0
25.65;26.4;3.54;0.001224;0;0
25.65;26.4;3.56;0.001196;0;0
25.65;26.4;3.58;0.001189;0;0
25.65;26.4;3.6;0.001157;0;0
25.65;26.4;3.62;0.00114;0;0
25.65;26.4;3.64;0.001099;0;0
25.65;26.4;3.66;0.001084;0;0
25.65;26.4;3.68;0.001075;0;0
25.65;26.4;3.7;0.001047;0;0
25.65;26.4;3.72;0.001023;0;0
25.65;26.4;3.74;0.001004;0;0
25.65;26.4;3.76;0.000969;0;0
25.65;26.4;3.78;0.000961;0;0
25.65;26.4;3.8;0.000937;0;0
25.65;26.4;3.82;0.000906;0;0
25.65;26.4;3.84;0.000884;0;0
25.65;26.4;3.86;0.000873;0;0
25.65;26.4;3.88;0.000846;0;0
25.65;26.4;3.9;0.00084;0;0
25.65;26.4;3.92;0.000826;0;0
25.65;26.4;3.94;0.000796;0;0
25.65;26.4;3.96;0.000786;0;0
25.65;26.4;3.98;0.000757;0;0
25.65;26.4;4;0.000746;0;0
25.65;26.4;4.02;0.000728;0;0
25.65;26.4;4.04;0.000719;0;0
25.65;26.4;4.06;0.000703;0;0
25.65;26.4;4.08;0.000681;0;0
25.65;26.4;4.1;0.000665;0;0
25.65;26.4;4.12;0.000654;0;0
25.65;26.4;4.14;0.000651;0;0
25.65;26.4;4.16;0.000616;0;0
25.65;26.4;4.18;0.00062;0;0
25.65;26.4;4.2;0.000592;0;0
25.65;26.4;4.22;0.000575;1;0
25.65;26.4;4.24;0.000575;1;0
25.65;26.4;4.26;0.000564;1;0
25.65;26.4;4.28;0.000553;1;0
25.65;26.4;4.3;0.000536;1;0
25.65;26.4;4.32;0.00051;1;0
25.65;26.4;4.34;0.000514;1;0
25.65;26.4;4.36;0.000501;1;0
25.65;26.4;4.38;0.000484;1;0
25.65;26.4;4.4;0.000468;1;0
25.65;26.4;4.42;0.000462;1;0
25.65;26.4;4.44;0.000453;1;0
25.65;26.4;4.46;0.000437;1;0
25.65;26.4;4.48;0.000433;1;0
25.65;26.4;4.5;0.000422;1;0
25.65;26.4;4.52;0.000407;1;0
25.65;26.4;4.54;0.000399;1;0
25.65;26.4;4.56;0.000389;1;0
25.65;26.4;4.58;0.000382;1;0
25.65;26.4;4.6;0.000382;1;0
25.65;26.4;4.62;0.000364;1;0
25.65;26.4;4.64;0.000358;1;0
25.65;26.4;4.66;0.000347;1;0
25.65;26.4;4.68;0.00033;1;0
25.65;26.4;4.7;0.000333;1;0
25.65;26.4;4.72;0.000318;1;0
25.65;26.4;4.74;0.000312;1;0
25.65;26.4;4.76;0.000307;1;0
25.65;26.4;4.78;0.0003;1;0
25.65;26.4;4.8;0.000294;1;0
25.65;26.4;4.82;0.000292;1;0
25.65;26.4;4.84;0.000277;2;0
25.65;26.4;4.86;0.000278;2;0
25.65;26.4;4.88;0.000262;2;0
25.65;26.4;4.9;0.000254;2;0
25.65;26.4;4.92;0.000243;2;0
25.65;26.4;4.94;0.000239;2;0
25.65;26.4;4.96;0.000243;2;0
25.65;26.4;4.98;0.000225;2;0
25.65;26.4;5;0.000223;2;0
25.65;26.4;5.02;0.000223;2;0
25.65;26.4;5.04;0.000216;2;0
25.65;26.4;5.06;0.000202;2;0
25.65;26.4;5.08;0.000205;2;0
25.65;26.4;5.1;0.000201;2;0
25.65;26.4;5.12;0.000191;2;0
25.65;26.4;5.14;0.000185;2;0
25.65;26.4;5.16;0.000184;2;0
25.65;26.4;5.18;0.000177;2;0
25.65;26.4;5.2;0.000174;2;0
25.65;26.4;5.22;0.000168;2;0
25.65;26.4;5.24;0.000159;2;0
25.65;26.4;5.26;0.000158;2;0
25.65;26.4;5.28;0.00015;2;0
25.65;26.4;5.3;0.000147;2;0
25.65;26.4;5.32;0.000147;2;0
25.65;26.4;5.34;0.000139;2;0
25.65;26.4;5.36;0.000139;2;0
25.65;26.4;5.38;0.000129;2;0
25.65;26.4;5.4;0.000129;2;0
25.65;26.4;5.42;0.000128;2;0
25.65;26.4;5.44;0.000124;2;0
25.65;26.4;5.46;0.000119;2;0
25.65;26.4;5.48;0.000119;2;0
25.65;26.4;5.5;0.000115;2;0
25.65;26.4;5.52;0.000106;2;0
25.65;26.4;5.54;0.000109;2;0
25.65;26.4;5.56;0.0001;2;0
25.65;26.4;5.58;0.000099;2;0
25.65;26.4;5.6;0.000097;2;0
25.65;26.4;5.62;0.000094;2;0
25.65;26.4;5.64;0.000094;2;0
25.65;26.4;5.66;0.00009;2;0
25.65;26.4;5.68;0.000087;2;0
25.65;26.4;5.7;0.000084;2;0
25.65;26.4;5.72;0.000081;2;0
25.65;26.4;5.74;0.000082;2;0
25.65;26.4;5.76;0.000077;2;0
25.65;26.4;5.78;0.000079;2;0
25.65;26.4;5.8;0.00007;2;0
25.65;26.4;5.82;0.000073;2;0
25.65;26.4;5.84;0.000071;2;0
25.65;26.4;5.86;0.000069;2;0
25.65;26.4;5.88;0.000066;2;0
25.65;26.4;5.9;0.000062;2;0
25.65;26.4;5.92;0.000063;2;0
25.65;26.4;5.94;0.000059;2;0
25.65;26.4;5.96;0.000057;2;0
25.65;26.4;5.98;0.000056;2;0
25.65;26.4;6;0.000056;2;0
25.65;26.4;6.02;0.000054;2;0
25.65;26.4;6.04;0.000054;2;0
25.65;26.4;6.06;0.000048;2;0
25.65;26.4;6.08;0.000051;2;0
25.65;26.4;6.1;0.000043;2;0
25.65;26.4;6.12;0.000046;2;0
25.65;26.4;6.14;0.000044;2;0
25.65;26.4;6.16;0.000041;2;0
25.65;26.4;6.18;0.00004;2;0
25.65;26.4;6.2;0.000039;2;0
25.65;26.4;6.22;0.000035;2;0
25.65;26.4;6.24;0.000036;2;0
25.65;26.4;6.26;0.000036;2;0
25.65;26.4;6.28;0.000037;2;0
25.65;26.4;6.3;0.000034;2;0
25.65;26.4;6.32;0.000029;2;0
25.65;26.4;6.34;0.000028;2;0
25.65;26.4;6.36;0.000029;2;0
25.65;26.4;6.38;0.000028;2;0
25.65;26.4;6.4;0.000028;2;0
25.65;26.4;6.42;0.000025;2;0
25.65;26.4;6.44;0.000025;2;0
25.65;26.4;6.46;0.000026;2;0
25.65;26.4;6.48;0.000024;2;0
25.65;26.4;6.5;0.000023;2;0
25.65;26.4;6.52;0.000024;2;0
25.65;26.4;6.54;0.000021;2;0
25.65;26.4;6.56;0.000021;2;0
25.65;26.4;6.58;0.00002;2;0
25.65;26.4;6.6;0.000019;2;0
25.65;26.4;6.62;0.000021;2;0
25.65;26.4;6.64;0.000016;2;0
25.65;26.4;6.66;0.000018;2;0
25.65;26.4;6.68;0.000016;2;0
25.65;26.4;6.7;0.000015;2;0
25.65;26.4;6.72;0.000014;2;0
25.65;26.4;6.74;0.000012;2;0
25.65;26.4;6.76;0.000013;2;0
25.65;26.4;6.78;0.000014;2;0
25.65;26.4;6.8;0.000012;2;0
25.65;26.4;6.82;0.000012;2;0
25.65;26.4;6.84;0.000012;2;0
25.65;26.4;6.86;0.000012;2;0
25.65;26.4;6.88;0.000012;2;0
25.65;26.4;6.9;0.000011;2;0
25.65;26.4;6.92;0.000012;2;0
25.65;26.4;6.94;0.000009;2;0
25.65;26.4;6.96;0.00001;2;0
25.65;26.4;6.98;0.000009;2;0
25.65;26.4;7;0.00001;2;0
25.65;26.4;7.02;0.000009;2;0
25.65;26.4;7.04;0.000009;2;0
25.65;26.4;7.06;0.000008;2;0
25.65;26.4;7.08;0.000007;2;0
25.65;26.4;7.1;0.000006;2;0
25.65;26.4;7.12;0.000006;2;0
25.65;26.4;7.14;0.000006;2;0
25.65;26.4;7.16;0.000006;2;0
25.65;26.4;7.18;0.000006;2;0
25.65;26.4;7.2;0.000006;2;0
25.65;26.4;7.22;0.000006;2;0
25.65;26.4;7.24;0.000006;2;0
25.65;26.4;7.26;0.000006;2;0
25.65;26.4;7.28;0.000006;2;0
25.65;26.4;7.3;0.000006;2;0
25.65;26.4;7.32;0.000006;2;0
25.65;26.4;7.34;0.000006;2;0
25.65;26.4;7.36;0.000006;2;0
25.65;26.4;7.38;0.000006;2;0
25.65;26.4;7.4;0.000006;2;0
25.65;26.4;7.42;0.000006;2;0
25.65;26.4;7.44;0.000006;2;0
25.65;26.4;7.46;0.000006;2;0
25.65;26.4;7.48;0.000006;2;0
25.65;26.4;7.5;0.000006;2;0
25.65;26.4;7.52;0.000006;2;0
25.65;26.4;7.54;0.000006;2;0
25.65;26.4;7.56;0.000006;2;0
25.65;26.4;7.58;0.000006;2;0
25.65;26.4;7.6;0.000006;2;0
25.65;26.4;7.62;0.000005;2;0
25.65;26.4;7.64;0.000006;2;0
25.65;26.4;7.66;0.000006;2;0
25.65;26.4;7.68;0.000006;2;0
25.65;26.4;7.7;0.000006;2;0
25.65;26.4;7.72;0.000006;2;0
25.65;26.4;7.74;0.000006;2;0
25.65;26.4;7.76;0.000005;2;0
25.65;26.4;7.78;0.000005;2;0
25.65;26.4;7.8;0.000005;2;0
25.65;26.4;7.82;0.000005;2;0
25.65;26.4;7.84;0.000005;2;0
25.65;26.4;7.86;0.000006;2;0
25.65;26.4;7.88;0.000004;2;0
25.65;26.4;7.9;0.000005;2;0
25.65;26.4;7.92;0.000005;2;0
25.65;26.4;7.94;0.000006;2;0
25.65;26.4;7.96;0.000003;2;0
25.65;26.4;7.98;0.000005;2;0
25.65;26.4;8;0.000004;2;0
25.65;26.4;8.02;0.000003;2;0
25.65;26.4;8.04;0.000003;2;0
25.65;26.4;8.06;0.000004;2;0
25.65;26.4;8.08;0.000003;2;0
25.65;26.4;8.1;0.000003;2;0
25.65;26.4;8.12;0.000004;2;0
25.65;26.4;8.14;0.000005;2;0
25.65;26.4;8.16;0.000003;2;0
25.65;26.4;8.18;0.000003;2;0
25.65;26.4;8.2;0.000001;2;0
25.65;26.4;8.22;0.000003;2;0
25.65;26.4;8.24;0.000003;2;0
25.65;26.4;8.26;0.000002;2;0
25.65;26.4;8.28;0.000005;2;0
25.65;26.4;8.3;0.000002;2;0
25.65;26.4;8.32;0.000001;2;0
25.65;26.4;8.34;0;2;0
25.65;26.4;8.36;0.000003;2;0
25.65;26.4;8.38;0;2;0
25.65;26.4;8.4;0.000004;2;0
25.65;26.4;8.42;0.000003;2;0
25.65;26.4;8.44;0;2;0
25.65;26.4;8.46;0.000002;2;0
25.65;26.4;8.48;0.000001;2;0
25.65;26.4;8.5;0.000001;2;0
25.65;26.4;8.52;0.000001;2;0
25.65;26.4;8.54;0.000002;2;0
25.65;26.4;8.56;0;2;0
25.65;26.4;8.58;0;2;0
25.65;26.4;8.6;0.000002;2;0
25.65;26.4;8.62;0;2;0
25.65;26.4;8.64;0.000002;2;0
25.65;26.4;8.66;0.000002;2;0
25.65;26.4;8.68;0.000004;2;0
25.65;26.4;8.7;0;2;0
25.65;26.4;8.72;0.000001;2;0
25.65;26.4;8.74;0;2;0
25.65;26.4;8.76;0.000001;2;0
25.65;26.4;8.78;0;2;0
25.65;26.4;8.8;0.000001;2;0
25.65;26.4;8.82;0.000002;2;0
25.65;26.4;8.84;0;2;0
25.65;26.4;8.86;0.000001;2;0
25.65;26.4;8.88;0.000001;2;0
25.65;26.4;8.9;0.000001;2;0
25.65;26.4;8.92;0;2;0
25.65;26.4;8.94;0.000001;2;0
25.65;26.4;8.96;0.000002;2;0
25.65;26.4;8.98;0.000001;2;0
25.65;26.4;9;0;2;0
